1973	01	42.700
1973	02	43.000
1973	03	43.400
1973	04	43.700
1973	05	43.900
1973	06	44.200
1973	07	44.200
1973	08	45.000
1973	09	45.200
1973	10	45.600
1973	11	45.900
1973	12	46.300
1974	01	46.800
1974	02	47.300
1974	03	47.800
1974	04	48.100
1974	05	48.600
1974	06	49.000
1974	07	49.300
1974	08	49.900
1974	09	50.600
1974	10	51.000
1974	11	51.500
1974	12	51.900
1975	01	52.300
1975	02	52.600
1975	03	52.800
1975	04	53.000
1975	05	53.100
1975	06	53.500
1975	07	54.000
1975	08	54.200
1975	09	54.600
1975	10	54.900
1975	11	55.300
1975	12	55.600
1976	01	55.800
1976	02	55.900
1976	03	56.000
1976	04	56.100
1976	05	56.400
1976	06	56.700
1976	07	57.000
1976	08	57.300
1976	09	57.600
1976	10	57.900
1976	11	58.100
1976	12	58.400
1977	01	58.700
1977	02	59.300
1977	03	59.600
1977	04	60.000
1977	05	60.200
1977	06	60.500
1977	07	60.800
1977	08	61.100
1977	09	61.300
1977	10	61.600
1977	11	62.000
1977	12	62.300
1978	01	62.700
1978	02	63.000
1978	03	63.400
1978	04	63.900
1978	05	64.500
1978	06	65.000
1978	07	65.500
1978	08	65.900
1978	09	66.500
1978	10	67.100
1978	11	67.500
1978	12	67.900
1979	01	68.500
1979	02	69.200
1979	03	69.900
1979	04	70.600
1979	05	71.400
1979	06	72.200
1979	07	73.000
1979	08	73.700
1979	09	74.400
1979	10	75.200
1979	11	76.000
1979	12	76.900
1980	01	78.000
1980	02	79.000
1980	03	80.100
1980	04	80.900
1980	05	81.700
1980	06	82.500
1980	07	82.600
1980	08	83.200
1980	09	83.900
1980	10	84.700
1980	11	85.600
1980	12	86.400
1981	01	87.200
1981	02	88.000
1981	03	88.600
1981	04	89.100
1981	05	89.700
1981	06	90.500
1981	07	91.500
1981	08	92.200
1981	09	93.100
1981	10	93.400
1981	11	93.800
1981	12	94.100
1982	01	94.400
1982	02	94.700
1982	03	94.700
1982	04	95.000
1982	05	95.900
1982	06	97.000
1982	07	97.500
1982	08	97.700
1982	09	97.700
1982	10	98.100
1982	11	98.000
1982	12	97.700
1983	01	97.900
1983	02	98.000
1983	03	98.100
1983	04	98.800
1983	05	99.200
1983	06	99.400
1983	07	99.800
1983	08	100.100
1983	09	100.400
1983	10	100.800
1983	11	101.100
1983	12	101.400
1984	01	102.100
1984	02	102.600
1984	03	102.900
1984	04	103.300
1984	05	103.500
1984	06	103.700
1984	07	104.100
1984	08	104.400
1984	09	104.700
1984	10	105.100
1984	11	105.300
1984	12	105.500
1985	01	105.700
1985	02	106.300
1985	03	106.800
1985	04	107.000
1985	05	107.200
1985	06	107.500
1985	07	107.700
1985	08	107.900
1985	09	108.100
1985	10	108.500
1985	11	109.000
1985	12	109.500
1986	01	109.900
1986	02	109.700
1986	03	109.100
1986	04	108.700
1986	05	109.000
1986	06	109.400
1986	07	109.500
1986	08	109.600
1986	09	110.000
1986	10	110.200
1986	11	110.400
1986	12	110.800
1987	01	111.400
1987	02	111.800
1987	03	112.200
1987	04	112.700
1987	05	113.000
1987	06	113.500
1987	07	113.800
1987	08	114.300
1987	09	114.700
1987	10	115.000
1987	11	115.400
1987	12	115.600
1988	01	116.000
1988	02	116.200
1988	03	116.500
1988	04	117.200
1988	05	117.500
1988	06	118.000
1988	07	118.500
1988	08	119.000
1988	09	119.500
1988	10	119.900
1988	11	120.300
1988	12	120.700
1989	01	121.200
1989	02	121.600
1989	03	122.200
1989	04	123.100
1989	05	123.700
1989	06	124.100
1989	07	124.500
1989	08	124.500
1989	09	124.800
1989	10	125.400
1989	11	125.900
1989	12	126.300
1990	01	127.500
1990	02	128.000
1990	03	128.600
1990	04	128.900
1990	05	129.100
1990	06	129.900
1990	07	130.500
1990	08	131.600
1990	09	132.500
1990	10	133.400
1990	11	133.700
1990	12	134.200
1991	01	134.700
1991	02	134.800
1991	03	134.800
1991	04	135.100
1991	05	135.600
1991	06	136.000
1991	07	136.200
1991	08	136.600
1991	09	137.000
1991	10	137.200
1991	11	137.800
1991	12	138.200
1992	01	138.300
1992	02	138.600
1992	03	139.100
1992	04	139.400
1992	05	139.700
1992	06	140.100
1992	07	140.500
1992	08	140.800
1992	09	141.100
1992	10	141.700
1992	11	142.100
1992	12	142.300
1993	01	142.800
1993	02	143.100
1993	03	143.300
1993	04	143.800
1993	05	144.200
1993	06	144.300
1993	07	144.500
1993	08	144.800
1993	09	145.000
1993	10	145.600
1993	11	146.000
1993	12	146.300
1994	01	146.300
1994	02	146.700
1994	03	147.100
1994	04	147.200
1994	05	147.500
1994	06	147.900
1994	07	148.400
1994	08	149.000
1994	09	149.300
1994	10	149.400
1994	11	149.800
1994	12	150.100
1995	01	150.500
1995	02	150.900
1995	03	151.200
1995	04	151.800
1995	05	152.100
1995	06	152.400
1995	07	152.600
1995	08	152.900
1995	09	153.100
1995	10	153.500
1995	11	153.700
1995	12	153.900
1996	01	154.700
1996	02	155.000
1996	03	155.500
1996	04	156.100
1996	05	156.400
1996	06	156.700
1996	07	157.000
1996	08	157.200
1996	09	157.700
1996	10	158.200
1996	11	158.700
1996	12	159.100
1997	01	159.400
1997	02	159.700
1997	03	159.800
1997	04	159.900
1997	05	159.900
1997	06	160.200
1997	07	160.400
1997	08	160.800
1997	09	161.200
1997	10	161.500
1997	11	161.700
1997	12	161.800
1998	01	162.000
1998	02	162.000
1998	03	162.000
1998	04	162.200
1998	05	162.600
1998	06	162.800
1998	07	163.200
1998	08	163.400
1998	09	163.500
1998	10	163.900
1998	11	164.100
1998	12	164.400
1999	01	164.700
1999	02	164.700
1999	03	164.800
1999	04	165.900
1999	05	166.000
1999	06	166.000
1999	07	166.700
1999	08	167.100
1999	09	167.800
1999	10	168.100
1999	11	168.400
1999	12	168.800
2000	01	169.300
2000	02	170.000
2000	03	171.000
2000	04	170.900
2000	05	171.200
2000	06	172.200
2000	07	172.700
2000	08	172.700
2000	09	173.600
2000	10	173.900
2000	11	174.200
2000	12	174.600
2001	01	175.600
2001	02	176.000
2001	03	176.100
2001	04	176.400
2001	05	177.300
2001	06	177.700
2001	07	177.400
2001	08	177.400
2001	09	178.100
2001	10	177.600
2001	11	177.500
2001	12	177.400
2002	01	177.700
2002	02	178.000
2002	03	178.500
2002	04	179.300
2002	05	179.500
2002	06	179.600
2002	07	180.000
2002	08	180.500
2002	09	180.800
2002	10	181.200
2002	11	181.500
2002	12	181.800
2003	01	182.600
2003	02	183.600
2003	03	183.900
2003	04	183.200
2003	05	182.900
2003	06	183.100
2003	07	183.700
2003	08	184.500
2003	09	185.100
2003	10	184.900
2003	11	185.000
2003	12	185.500
2004	01	186.300
2004	02	186.700
2004	03	187.100
2004	04	187.400
2004	05	188.200
2004	06	188.900
2004	07	189.100
2004	08	189.200
2004	09	189.800
2004	10	190.800
2004	11	191.700
2004	12	191.700
2005	01	191.600
2005	02	192.400
2005	03	193.100
2005	04	193.700
2005	05	193.600
2005	06	193.700
2005	07	194.900
2005	08	196.100
2005	09	198.800
2005	10	199.100
2005	11	198.100
2005	12	198.100
2006	01	199.300
2006	02	199.400
2006	03	199.700
2006	04	200.700
2006	05	201.300
2006	06	201.800
2006	07	202.900
2006	08	203.800
2006	09	202.800
2006	10	201.900
2006	11	202.000
2006	12	203.100
2007	01	203.437
2007	02	204.226
2007	03	205.288
2007	04	205.904
2007	05	206.755
2007	06	207.234
2007	07	207.603
2007	08	207.667
2007	09	208.547
2007	10	209.190
2007	11	210.834
2007	12	211.445
2008	01	212.174
2008	02	212.687
2008	03	213.448
2008	04	213.942
2008	05	215.208
2008	06	217.463
2008	07	219.016
2008	08	218.690
2008	09	218.877
2008	10	216.995
2008	11	213.153
2008	12	211.398
2009	01	211.933
2009	02	212.705
2009	03	212.495
2009	04	212.709
2009	05	213.022
2009	06	214.790
2009	07	214.726
2009	08	215.445
2009	09	215.861
2009	10	216.509
2009	11	217.234
2009	12	217.347
2010	01	217.488
2010	02	217.281
2010	03	217.353
2010	04	217.403
2010	05	217.290
2010	06	217.199
2010	07	217.605
2010	08	217.923
2010	09	218.275
2010	10	219.035
2010	11	219.590
2010	12	220.472
2011	01	221.187
2011	02	221.898
2011	03	223.046
2011	04	224.093
2011	05	224.806
2011	06	224.806
2011	07	225.395
2011	08	226.106
2011	09	226.597
2011	10	226.750
2011	11	227.169
2011	12	227.223
2012	01	227.842
2012	02	228.329
2012	03	228.807
2012	04	229.187
2012	05	228.713
2012	06	228.524
2012	07	228.590
2012	08	229.918
2012	09	231.015
2012	10	231.638
2012	11	231.249
2012	12	231.221
2013	01	231.679
2013	02	232.937
2013	03	232.282
2013	04	231.797
2013	05	231.893
2013	06	232.445
2013	07	232.900
2013	08	233.456
2013	09	233.544
2013	10	233.669
2013	11	234.100
2013	12	234.719
2014	01	235.347
2014	02	235.522
2014	03	235.956
2014	04	236.463
2014	05	236.867
2014	06	237.188
2014	07	237.485
2014	08	237.439
2014	09	237.452
2014	10	237.447
2014	11	237.042
2014	12	236.270
2015	01	234.836
2015	02	235.274
2015	03	235.956
2015	04	236.165
2015	05	236.952
2015	06	237.618
2015	07	237.993
2015	08	237.989
2015	09	237.467
2015	10	237.764
2015	11	238.072
2015	12	237.827
2016	01	237.990
2016	02	237.532
2016	03	238.022
2016	04	238.843
2016	05	239.439
2016	06	240.074
2016	07	240.058
2016	08	240.569
2016	09	241.017
2016	10	241.667
2016	11	242.081
2016	12	242.784
2017	01	244.028
2017	02	244.102
2017	03	243.717
2017	04	244.087
2017	05	243.911
2017	06	244.032
2017	07	244.236
2017	08	245.262
2017	09	246.392
2017	10	246.583
2017	11	247.411
2017	12	247.910
2018	01	249.245
2018	02	249.619
2018	03	249.462
2018	04	250.013
2018	05	250.535
2018	06	250.857

