NaN 
NaN 
NaN 
NaN 
NaN 
NaN 
NaN 
NaN 
NaN 
NaN 
NaN 
NaN 
NaN 
NaN 
NaN 
NaN 
NaN 
NaN 
NaN 
NaN 
NaN 
NaN 
NaN 
NaN 
NaN 
NaN 
NaN 
NaN 
NaN 
NaN 
NaN 
NaN 
NaN 
NaN 
NaN 
NaN 
NaN 
NaN 
NaN 
NaN 
NaN 
NaN 
NaN 
NaN 
NaN 
NaN 
NaN 
NaN 
NaN 
NaN 
NaN 
NaN 
NaN 
NaN 
NaN 
NaN 
NaN 
NaN 
NaN 
NaN 
NaN 
NaN 
NaN 
NaN 
NaN 
NaN 
NaN 
NaN 
NaN 
NaN 
NaN 
NaN 
NaN 
NaN 
NaN 
NaN 
NaN 
NaN 
NaN 
NaN 
NaN 
NaN 
NaN 
NaN 
NaN 
NaN 
NaN 
NaN 
NaN 
NaN 
NaN 
NaN 
NaN 
NaN 
NaN 
NaN 
NaN 
NaN 
NaN 
NaN 
NaN 
NaN 
NaN 
NaN 
NaN 
NaN 
NaN 
NaN 
NaN 
NaN 
NaN 
NaN 
NaN 
NaN 
NaN 
NaN 
NaN 
NaN 
NaN 
NaN 
NaN 
NaN 
NaN 
NaN 
NaN 
NaN 
NaN 
NaN 
NaN 
NaN 
NaN 
NaN 
NaN 
NaN 
3323.82
NaN 
NaN 
3463.41
NaN 
NaN 
3496.891
NaN 
NaN 
3502.265
NaN 
NaN 
3300.419
NaN 
NaN 
3368.469
NaN 
NaN 
3353.805
NaN 
NaN 
3416.541
NaN 
NaN 
3321.762
NaN 
NaN 
3421.269
NaN 
NaN 
3630.068
NaN 
NaN 
3551.683
3551.68
NaN 
3439.685
NaN 
NaN 
3462.199
NaN 
NaN 
3627.571
NaN 
NaN 
3651.016
3645.774
3579.814
3504.573
3528.844
3613.586
3616.775
3698.152
3699.165
3689.375
3700
3664.815
3596.299
3654.852
3603.925
3545.64
3583.056
3636.962
3611.866
3689.897
3731.123
3733.772
3716.724
3734.31
3642.774
3680.542
3697.774
3721.989
3754.112
3835.989
3833.909
3831.602
3821.629
3821.116
3814.837
3771.26
3748.519
3685.675
3662.369
3699.315
3678.345
3709.357
3724.387
3762.453
3804.02
3845.656
3811.656
3802.984
3751.951
3733.668
3720.666
3674.238
3690.349
3744.517
3753.844
3759.05
3809.769
3817.571
3821.436
3802.72
3760.585
3833.463
3777.128
3744.308
3764.099
3826.537
3850.095
3882.075
3935.464
3921.883
3945.273
3914.362
3835.173
3843.068
3750.131
3719.78
3753.318
3826.183
3851.286
3897.919
3920.899
3949.119
3945.303
3954.518
3916.433
3914.717
3857.009
3798.692
3837.926
3852.718
3901.909
3952.12
3912.013
3932.799
3914.058
3892.931
3799.343
3768.31
3707.276
3672.455
3717.394
3753.733
3774.836
3794.034
3805.453
3817.688
3810.029
3797.291
3800.234
3814.273
3775.36
3839.321
3833.602
3877.844
3866.834
3858.172
3891.937
3915.664
3934.898
3964.346
3913.409
3941.099
3927.045
3907.142
3963.323
4081.526
4064.249
4065.822
4124.767
4106.289
4112.384
4100.988
4045.441
4100.517
4030.112
3982.743
4018.488
4064.344
4023.313
4035.181
4032.477
4005.193
3972.355
3929.037
3771.074
3784.036
3762.556
3750.396
3790.545
3809.482
3840.238
3904.702
3865.446
3874.703
3864.671
3883.035
3836.079
3820.01
3813.242
3838.539
3875.04
3904.827
3908.581
3917.881
3918.453
3969.774
3984.846
3969.397
3954.47
3986.422
3967.474
3950.917
3951.356
3986.304
4008.61
3996.761
3994.888
3937.043
3949.324
3917.372
3853.503
3821.344
3744.895
3820.052
3841.9
3893.695
3945.387
3976.76
3992.499
4012.363
3993.637
4001.907
3955.518
3945.646
3928.664
3916.645
3932.504
3978.293
4000.195
4030.561
4047.182
4037.751
4041.742
4095.513
4020.064
4039.181
4025.982
4013.236
4055.208
4140.287
4121.31
4168.274
4136.27
4136.6
4175.53
4161.868
4090.131
4126.204
4131.48
4087.879
4115.654
4167.064
4159.82
4214.306
4243.586
4273.225
4254.681
4224.472
4182.267
4191.857
4130.098
4105.01
4134.581
4178.082
4168.919
4195.109
4178.849
4169.885
4140.37
4094.351
4095.655
4138.248
4077.129
4091.595
4081.801
4103.823
4120.057
4167.025
4184.822
4169.345
4180.431
4204.624
4210.652
4250.041
4262.614
4281.229
4285.361
4297.186
4310.658
4317.329
4327.79
4334.218
4283.104
4293.246
4212.826
4267.452
4251.238
4235.582
4276.875
4307.575
4311.553
4314.793
4344.668
4286.61
4303.003
4280.45
4224.211
4281.094
4209.999
4189.717
4217.96
4238.252
4230.806
4233.07
4212.506
4178.831
4155.624
4169.771
4118.807
4172.229
4156.461
4167.869
4188.296
4195.388
4202.41
4235.023
4236.605
4249.085
4210.522
4205.55
4183.774
4221.927
4198.981
4216.809
4222.635
4200.706
4208.751
4222.903
4221.911
4249.811
4212.566
4169.789
4127.478
4137.077
4142.045
4147.667
4159.829
4225.488
4213.778
4229.286
4275.13
4282.239
4259.232
4265.677
4268.135
4300.058
4297.378
4355.075
4385.256
4446.333
4444.816
4450.452
4509.436
4513.582
4516.153
4534.636
4556.199
4618.329
4622.896
4615.853
4623.848
4649.291
4653.074
4707.308
4692.037
4664.861
4652.638
4641.477
4591.825
4662.7
4656.145
4625.254
4643.555
4639.406
4598.467
4601.661
4579.459
4536.73
4484.688
4455.657
4409.407
4434.378
4415.176
4377.329
4380.416
4384.167
4372.347
