   21.4347
   30.1735
   39.2839
   43.6785
   50.9492
   58.4020
   59.8626
   70.3762
   81.7991
  107.7169
  104.7415
  114.7416
  106.2674
   89.3215
   98.9018
   86.9214
  104.6730
   82.9984
   62.6906
   59.3198
   61.0628
   62.2118
   59.6213
   22.4527
   -0.1172
   -9.0702
  -25.8787
  -40.6377
  -43.3089
  -36.1695
  -41.1590
  -44.8771
  -33.6734
  -33.2701
  -23.3781
  -35.0062
  -45.3171
  -49.5821
  -31.8588
  -28.2760
  -18.6881
  -15.5658
  -20.8813
  -23.3714
  -24.1102
  -20.2053
  -18.7820
  -35.1900
  -48.5778
  -44.4948
  -44.8387
  -42.9658
  -35.2242
  -40.0057
  -43.8082
  -46.5208
  -46.6869
  -32.4636
  -32.9501
  -37.5281
  -38.0074
  -38.3240
  -38.7962
  -39.4210
  -22.3257
  -16.7678
  -25.3777
  -25.8258
  -13.5661
  -17.6097
   -3.5933
   -6.6019
  -15.8865
  -10.4412
    7.4529
    9.4254
   29.2233
   46.5019
   54.5219
   37.4204
   43.9825
   43.9036
   49.4083
   35.5908
   34.9630
   40.3126
   42.2843
   60.6104
   63.7617
   56.9959
   44.8774
   53.6254
   54.8694
   54.7491
   64.5696
   68.2023
   63.8885
   61.6943
   50.1665
   45.8104
   35.7359
   40.9859
   32.6313
   15.0323
   12.9527
   15.4801
   14.5069
    7.5569
    2.9753
   -6.3716
    2.8483
   10.7889
    7.6364
  -16.7118
  -41.0167
  -43.3673
  -27.5683
  -27.0072
  -24.4189
  -19.6728
  -17.6486
  -12.7793
   -9.8952
   -7.2122
   -7.4237
  -22.3665
  -33.6273
  -34.6769
  -31.6654
  -28.7026
  -21.3312
  -31.6597
  -29.7997
  -23.1752
  -18.9325
  -14.9670
  -15.6077
  -24.4667
  -29.3618
  -28.5191
  -25.3814
  -24.1156
  -16.5764
  -19.7404
  -23.3018
  -27.6375
  -25.9135
  -20.9364
  -24.9649
  -34.4753
  -50.2260
  -57.6912
  -50.1473
  -37.0828
  -36.2682
  -36.1232
  -37.8827
  -51.8413
  -55.4893
  -61.6583
  -66.5008
  -69.4673
  -81.0986
  -78.4405
  -54.4063
  -48.9643
  -51.2897
  -60.2860
  -46.6953
  -41.9730
  -35.2702
  -25.3794
  -19.6371
  -30.9310
  -33.8810
  -19.0037
  -22.5572
  -17.5616
  -12.5556
   -5.3719
    2.6378
   13.8803
   18.9684
   11.4211
    4.9660
   -5.3513
  -11.7154
   -9.6539
   -5.1115
   -2.2078
    7.5632
   11.0288
   17.4900
   11.9214
   17.2368
   16.6637
   21.2143
    2.7965
    0.7130
    2.0884
    3.5589
   10.2604
   17.7965
   14.2041
   16.1287
   12.6879
   12.1297
    2.2871
   -6.6230
  -15.4577
  -25.4456
  -16.4365
  -19.0399
  -15.0305
  -10.0737
   -0.8040
   -0.1835
    9.5656
   17.4990
   10.0400
   13.8686
   16.0459
    7.5660
    2.3981
    5.5000
    9.8357
   10.4269
    4.9801
    2.0989
  -11.2624
  -18.5963
  -22.4188
  -14.7580
  -22.7690
  -32.2025
  -32.1613
  -33.5342
  -32.9467
  -20.1867
   -8.3883
  -13.0168
  -10.8597
   -2.7476
    1.2774
    7.3518
    4.0078
   -7.4817
   -6.8048
   -4.6422
   -8.1946
  -13.7798
  -18.9618
  -19.4520
  -25.5350
  -26.1679
  -13.9490
   -1.0543
  -10.3908
   -6.4171
   -1.1781
    2.4930
   18.8256
   21.6620
   28.4216
   29.5132
   28.0608
   37.8732
   40.4221
   39.9860
   28.5154
   26.7340
   32.5635
   28.7384
   12.8244
    9.1749
    7.2519
    2.2246
   -5.3884
   -9.1684
   -4.3900
   -7.2089
  -17.8937
  -30.8292
  -33.6998
  -39.1509
  -29.8640
   -5.3991
   -2.9670
   -4.6240
   -6.3077
   -3.8711
  -10.1588
  -17.5986
  -18.0956
  -12.9303
  -16.5118
  -16.3679
  -14.3328
  -21.0927
  -21.1556
  -27.7290
  -43.5762
  -36.5500
  -43.4797
  -43.8706
  -52.7845
  -59.4346
  -64.4004
  -55.5581
  -43.5581
  -46.0928
  -58.2979
  -63.8899
  -59.7018
  -45.0448
  -50.0980
  -35.9837
  -43.0386
  -44.5195
  -37.7742
  -28.9011
  -13.3545
  -13.7462
  -13.1503
  -11.2219
   -9.8819
    4.7889
    7.8681
    3.8761
    2.6397
    4.3190
    5.7693
    9.7678
   11.0327
   10.3266
    3.4706
    0.3514
   -5.4312
   -3.7842
   -8.0786
   -7.8033
  -12.8956
  -25.7428
  -46.4162
  -50.2860
  -54.9457
  -59.6355
  -57.6792
  -50.9109
  -47.8514
  -37.5916
  -36.7576
  -40.8795
  -44.5225
  -45.2903
  -43.9999
  -27.4842
  -13.1499
   -6.4264
    6.7681
    8.1564
    6.5833
   16.5777
   28.0658
   36.1709
   31.8708
   34.2923
   38.2174
   45.5111
   98.2655
  100.4404
  108.4404
  120.7917
  124.8775
  118.7927
  105.4261
   82.9801
   61.3273
   87.7617
   97.7177
   96.8879
  105.7001
  121.0599
  125.0999
  104.9453
  105.3535
  108.3218
  105.0015
   84.0349
   55.3303
   33.5005
   32.4601
   55.1946
   67.1887
   59.7853
   48.4759
   34.1065
   41.9557
   48.1152
   42.4829
   41.4076
   52.0282
   63.1698
   81.8551
   91.6261
   91.9589
   96.0131
   99.0559
  101.9153
  100.2442
  115.1453
  126.6219
  137.0417
  126.6118
  139.5746
  148.7613
  166.0340
  185.4341
  185.9375
  179.0504
  147.0697
  142.7730
  158.5305
  161.2003
  187.6634
  181.0995
  166.8784
  148.3678
  108.6971
    8.5010
  -68.7412
  -77.4925
  -57.8607
   11.5821
   19.3703
    2.8595
   45.4681
   85.6894
   73.0300
   50.3709
   37.0547
   52.4461
   88.4015
   78.6793
   66.7727
   50.2256
   68.3797
   63.2682
   86.6917
   65.1515
   17.0834
   41.2592
   52.4135
   51.2658
   36.3077
   22.7206
  -14.5767
  -31.8194
   -8.7321
  -19.6278
  -19.0873
  -13.1216
  -18.0621
  -16.6591
   11.5728
   23.5418
   11.3652
   13.3109
  -45.4686
  -84.6780
  -64.6363
  -47.4057
  -39.4232
  -55.2887
  -43.2027
  -76.4492
  -84.0938
  -54.4104
  -46.7745
  -64.6204
  -75.1324
  -78.8972
  -62.2386
  -62.1089
  -64.6116
  -54.7335
  -37.0220
  -40.2688
    3.3219
   14.8144
   -4.1097
   29.2350
  -10.0249
  -35.5388
   -9.1681
  -44.2706
  -49.5744
  -57.9490
  -71.5251
  -54.9713
  -36.7435
  -38.5388
  -19.1459
  -56.8122
  -78.7010
 -108.3243
 -101.8959
  -99.1858
  -98.4069
  -82.7470
  -49.4361
  -40.4285
  -58.1989
  -69.5548
 -100.4179
 -111.6197
 -141.0886
 -163.7429
 -141.5515
  -95.6943
  -93.7583
  -95.8232
  -80.4872
  -85.5418
  -64.8543
  -60.1628
  -39.1360
  -41.3668
  -56.2969
  -73.9370
  -32.8776
  -26.0581
  -48.5829
  -60.8053
  -55.5386
  -32.6725
  -15.2224
   -6.6570
   -8.8985
    1.7998
  -25.0658
  -34.9846
  -32.1803
  -34.4304
  -20.9149
  -16.4207