237.469
235.362
244.131
248.783
257.867
248.857
243.673
248.314
241.276
246.297
249.998
242.478
233.035
240.723
244.665
256.385
269.455
268.765
268.686
264.84
266.726
269.437
271.144
265.02
270.462
276.755
279.989
281.908
280.961
276.132
264.157
256.616
259.446
269.584
270.95
271.354
289.296
277.414
283.112
286.628
283.982
281.715
282.599
277.272
284.357
297.683
298.836
285.471
294.116
291.462
299.533
318.872
328.755
333.746
335.313
338.865
334.133
343.195
350.281
347.683
352.477
350.166
363.919
365.188
354.73
363.48
368.157
357.834
368.262
378.194
381.357
376.281
375.201
380.54
399.191
402.942
403.202
414.427
403.047
412.154
415.128
436.045
438.606
430.265
448.691
457.156
458.611
470.979
474.611
472.663
469.933
478.414
469.212
475.148
475.397
465.966
486.445
494.218
513.814
531.667
543.776
547.817
558.98
546.675
555.229
578.8
588.537
593.805
606.233
613.003
609.246
610.353
609.458
608.271
612.835
626.462
618.559
635.561
647.513
643.557
660.448
669.398
666.833
678.885
679.354
683.014
675.803
700.482
707.659
716.159
712.725
722.939
733.109
727.398
728.184
742.474
763.473
766.593
771.821
764.083
756.276
779.81
786.885
795.881
793.536
781.647
791.241
806.848
828.56
820.629
810.515
805.6
806.62
803.568
812.407
814.208
826.069
827.105
837.792
836.572
828.517
828.441
845.198
837.687
844.184
851.406
848.555
842.789
847.939
848.567
852.438
850.94
849.832
854.785
853.762
864.446
871.054
891.546
902.184
889.643
888.303
892.167
898.941
904.635
907.614
908.914
900.834
885.709
883.219
895.589
895.687
889.874
895.431
896.735
892.794
907.605
916.017
902.986
907.582
916.352
912.019
914.281
930.496
921.148
929.603
920.353
953.124
953.89
968.727
970.901
966.139
959.106
932.216
935.67
924.744
908.387
906.188
912.662
905.253
906.741
924.291
915.33
910.602
913.81
909.144
910.739
912.029
893.102
909.844
914.81
907.047
916.506
912.027
894.593
902.156
898.308
893.496
906.237
899.424
892.864
902.01
908.143
914.724
930.413
934.981
935.029
935.206
919.558
906.389
916.568
924.101
922.465
925.259
922.544
932.601
930.564
922.722
919.603
924.2
920.194
927.002
934.912
937.96
928.915
922.134
920.756
931.158
928.116
924.021
919.583
907.269
899.423
897.514
902.735
910.629
894.968
894.711
892.886
888.782
889.663
889.73
898.889
891.317
890.731
875.775
881.542
869.11
849.669
863.988
860.581
876.687
882.597
889.737
883.778
873.145
864.36
867.219
879.396
886.952
868.119
880.184
881.231
897.91
914.575
914.303
895.705
901.494
892.418
873.199
894.173
903.793
894.948
904.161
905.571
916.948
907.93
913.582
906.519
907.568
890.031
878.988
876.338
867.442
851.723
852.375
855.217
866.5
873.246
864.125
859.516
852.541
858.652
848.239
842.376
833.947
826.185
836.002
824.144
850.834
872.927
871.634
851.519
856.617
851.669
854.047
858.443
859.515
862.221
874.899
887.308
894.99
891.391
898.286
894.005
882.788
878.478
857.873
881.093
883.966
876.705
873.292
870.333
880.834
890.96
888.639
893.135
897.329
897.795
911.019
925.515
914.825
907.263
912.762
931.178
949.487
961.512
965.847
967.223
960.09
947.645
943.221
956.988
961.002
961.341
949.984
968.023
991.656
1013.597
1013.967
1008.28
1001.211
994.3
983.986
991.273
991.953
992.195
990.662
1011.152
1012.471
1019.145
1012.886
1008.37
1003.232
1004.462
1004.436
1011.522
1006.789
984.424
995.938
988.891
1002.143
1014.183
1026.358
1027.223
1009.75
993.907
986.844
984.162
977.683
965.334
977.076
983.449
997.59
1003.707
990.403
984.209
985.063
992.226
988.897
996.991
1005.839
1010.068
1036.94
1044.826
1061.228
1070.957
1062.804
1052.755
1051.308
1041.638
1042.16
1039.49
1044.975
1033.756
1042.716
1048.983
1065.046
1069.234
1067.876
1071.579
1063.603
1065.3
1068.831
1073.38
1057.989
1038.627
1050.002
1053.356
1064.963
1070.955
1072.614
1060.23
1042.507
1021.273
1004.196
1010.873
1010.553
1004.172
1013.833
1018.83
1043.559
1052.996
1059.71
1058.104
1042.627
1032.341
1038.294
1044.483
1047.363
1033.064
1045.099
1052.768
1060.59
1063.524
1059.273
1044.776
1035.36
1033.096
1039.985
1048.566
1040.141
1023.16
1032.207
1041.243
1050.916
1058.654
1056.432
1045.277
1029.709
1022.048
1023.124
1042.683
1047.692
1051.824
1080.169
1106.266
1134.15
1143.66
1141.306
1132.701
1119.943
1120.983
1124.257
1150.339
1151.117
1144.339
1166.883
1187.267
1199.923
1204.43
1206.965
1195.957
1188.554
1181.768
1166.627
1186.29
1185.818
1179.704
1201.876
1220.244
1230.105
1213.073
1201.286
1180.731
1162.294
1138.781
1143.228
1128.682
1114.332
1084.477
1084.136
1088.978
1088.904
1099.023
1093.444
1074.852
