4.7891
4.7891
4.8198
4.9119
5.0961
5.2496
5.2803
5.2803
5.5873
5.5873
5.8329
6.1092
9.59
12.45
12.73
12.72
13.02
13.06
12.75
12.68
12.53
12.44
12.53
12.82
12.77
13.05
13.28
13.26
13.27
14.15
14.03
14.25
14.04
14.66
15.04
14.81
13.27
13.26
13.51
13.39
13.41
13.48
13.51
13.58
13.47
13.49
13.58
13.71
14.11
14.5
14.54
14.36
14.62
14.63
14.44
14.68
14.5
14.56
14.61
14.76
14.52
14.41
14.57
14.4
14.51
14.54
14.49
14.46
14.53
14.63
14.74
14.94
15.5
15.88
16.41
17.58
19
21.03
23.09
23.98
25.06
25.05
27.02
28.91
30.75
32.4
33.42
33.54
34.33
34.48
34.51
34.44
34.46
34.63
35.09
35.63
38.85
39
38.31
38.41
37.84
37.03
36.58
35.82
35.44
35.43
36.21
35.95
35.54
35.48
34.07
32.82
32.78
33.79
33.44
32.95
33.03
33.28
33.09
32.85
31.4
30.76
28.43
27.95
28.53
29.23
28.76
29.5
29.54
29.67
29.09
29.3
28.8
28.91
28.95
29.11
29.26
29.19
29
28.92
28.7
28.79
28.74
28.02
27.49
26.99
27.2
27.59
27.6
27.25
26.57
26.61
26.56
26.79
27.12
26.21
24.93
18.11
14.22
13.15
13.17
12.25
10.91
11.87
12.85
12.78
13.46
14.17
16.45
16.98
17.26
17.89
18.25
18.71
19.26
19.32
18.57
18.53
18.14
17.2
15.45
15.43
14.73
15.62
15.93
15.5
14.81
14.32
13.84
13.05
12.66
14.11
16.04
16.61
17.77
19.59
19.05
18.27
17.99
17.23
17.62
18.29
18.32
20.05
20.51
19.78
18.94
16.66
16.07
15.15
16.54
24.26
29.88
32.88
30.19
25.56
22.3
18.3
17.58
18.32
18.36
17.78
18.14
18.71
19
19.86
19.35
17.17
16.1
16
16.36
17.37
18.79
19.83
19.74
19.25
19.26
19.34
18.4
16.94
16.8
17.41
17.82
18.35
17.89
16.8
15.81
15.64
15.32
15.59
14.05
12.56
12.93
12.9
13.18
14.54
15.74
17.04
17.52
16.66
15.91
16.27
16.46
15.78
16.56
17.21
17.21
18.7
18.56
17.43
16.5
16.54
16.71
16.29
16.52
17.53
17.48
17.77
19.9
21.33
20.12
19.32
19.6
20.53
22.04
23.22
22.66
23.22
23.02
20.88
19.16
17.83
18.55
17.35
17.49
17.96
17.85
18.73
17.88
15.95
14.33
13.32
12.34
12.81
12.61
11.61
11.55
11.34
12.77
12.11
10.99
9.39
10.16
10.33
12.1
14.82
15.57
15.91
18.05
19.56
21.64
21.62
23.14
24.35
25.29
27.39
27.7
24.29
26.35
28.91
28
28.8
30.56
29.71
30
25.19
24.49
24.97
23.01
22.99
24.63
23.95
22.76
23.77
22.51
18.76
16.06
15.95
17.04
18.24
22.29
23.98
24.44
23.45
24.99
25.68
27.14
25.99
23.68
26.68
30.3
32.23
29.23
24.48
25.15
27.22
27.95
28.5
25.66
27.32
27.47
28.63
30.11
30.69
32.16
32.34
35.68
33.45
35.89
39.46
40.42
45.36
39.89
34.07
37.56
39.72
45.73
45.25
43.19
49.28
52.79
58.67
58.79
55.31
49.97
50.85
55.85
52.8
55.31
62.41
64.39
63.79
67.99
66.45
57.29
52.7
52.7
54.97
49.57
53.77
56.31
60.45
61.55
65.24
70.75
68.28
72.34
78.61
85.53
83.21
84.82
87.41
96.96
104.72
116.55
126.22
127.77
111.19
96.38
70.84
49.1
35.59
36.84
38.56
45.96
49.58
56.77
66.37
63.46
68.09
67.65
72.06
74.4
72.67
75.07
73.73
76.77
80.03
71.15
71.91
73.27
73.52
73.15
76.9
79.92
85.59
87.61
91.42
102.43
113.02
107.98
105.38
105.94
99
101.05
101.99
107.67
106.52
105.25
108.08
111
108.54
103.26
92.18
92.99
97.04
101.82
100.92
98.07
93.7
97.91
99.23
99.11
96.45
98.5
97.17
101.56
104.16
103.49
97.84
90.36
90.57
89.71
96.1
97.13
97.33
98.46
100.26
98.75
93.23
89.38
82.75
74.34
57.36
44.74
47.18
47.22
51.62
57.51
58.89
52.42
43.23
41.12
42.03
39.05
33.16
27.48
26.66
32.24
35.9
40.88
44.13
41.48
41.21
40.86
44.76
41.8
46.72
48.12
49.38
46.53
47.47
47.21
44.03
44.76
47.62
50.46
51.4
56.3
57.44
59.39
57.94
56.75
61.25
66.08
67.42

