54389
54930
54995
55049
56323
55711
57420
56750
57744
56614
53866
54277
55474
55943
56375
57110
57279
56858
55765
54302
54841
55013
55088
54596
52420
51408
51326
50946
51181
52475
53856
55017
56741
51389
53192
53916
53133
54565
55927
54905
55140
56950
57293
57699
58596
60391
60955
62462
56833
60649
61144
60186
58262
59158
58028
58854
60089
59961
61113
62350
56705
58208
58717
59610
58596
59981
59555
60357
62477
62906
63054
61691
60148
60473
61633
62870
62667
62919
63552
63425
63183
63629
63954
63490
62348.011
62715.757
61647.494
60391.36
59778.782
60008.624
59608.899
59446.012
58297.803
55842.496
56668.926
58047.975
57891.773
58156.649
58809.342
57803.815
56994.195
56310.517
55016.126
54079.566
54190.514
54556.342
53982.612
54949.157
54696.333
54057.656
52235.578
50937.234
51782.807
53723.825
53304.037
53226.077
53081.15
54797.282
55385.984
54251.558
52762.757
49812.05
50735.958
50958.936
52658.767
52868.746
54651.57
54498.585
55152.519
54891.545
55259.509
54454.589
54576.637
54927.706
54649.651
54848.69
54467.616
55744.865
55024.725
53346.397
53805.487
54216.567
54233.57
54193.563
52956.948
54426.531
54645.468
54219.59
52782.998
51324.413
52353.12
52216.159
54095.625
55779.147
56257.011
56571.921
55650.355
55660.371
55162.501
55266.682
56447.749
57220.1
58359.093
59013.237
54978.178
55334.802
56264.428
56434.726
55634.929
54938.329
54196.69
54870.27
55674.963
55375.706
57939.915
58737.602
58130.079
58325.247
57862.849
57936.912
57137.658
57217.705
57578.918
57890.101
57606.934
57271.737
57695.987
58852.668
59206.876
60890.869
61350.139
61597.285
58706.812
58227.577
58629.775
59059.986
58980.947
59017.965
59536.219
60428.657
60511.699
61081.978
61842.351
61485.176
60921.388
61178.881
62082.423
61805.933
61238.41
60409.37
60513.802
56965.632
59513.976
59854.228
60672.389
60883.958
60637.251
60326.57
60581.691
59183.328
59006.359
59198.905
60191.613
59495.341
60534.055
60489.449
60735.218
61143.298
61257.249
60420.137
59770.873
60130.829
59002.77
59245.266
59710.135
59696.891
59958.421
60756.138
60467.158
60787.848
60623.272
60978.598
60263.602
59560.255
59746.638
59462.447
60068.668
59890.975
59902.293
60366.064
60429.907
60817.457
61137.551
60959.676
60866.981
60409.537
60851.5
61161.43
60767.309
60661.912
61270.467
61768.268
61943.596
62265.653
61841.109
62343.973
61605.445
62402.877
62413.878
61555.179
62507.508
62641.348
63036.628
62673.537
62892.322
63286.528
63236.798
63633.928
63486.324
63338.643
63338.599
63660.572
63737.672
63386.739
63858.809
64222.396
64670.316
65244.273
65182.447
65541.029
65528.602
66047.777
65398.226
64625.686
65070.236
65950.211
66312.317
66826.896
66680.224
66496.428
67706.501
68081.353
67965.251
67828.247
67293.6
67014.117
66877.514
65903.825
65984.28
66098.408
66946.698
66771.571
66986.558
67311.781
66988.911
65545.34
65351.489
64307.099
65818.109
65704.186
65747.386
66253.791
66236.066
65422.498
66449.894
67065.693
67098.942
67757.841
68276.186
68074.385
68695.115
69526.134
69542.824
69980.335
70536.252
69280.212
69197.452
68718.723
69380.849
68451.226
67760.756
66206.984
68146.134
68319.83
67852.784
67750.039
68100.413
67692.718
66957.16
67028.493
66824.845
66288.446
66859.483
66705.972
67186.75
66914.732
67465.251
68876.21
69006.41
67352.852
67750.169
69368.132
69883.658
68809.986
68772.778
67977.175
68603.797
69058.904
69660.747
70623.515
70860.664
72127.32
71908.236
71883.681
71812.526
71780.991
71415.965
72973.422
73514.84
72484.391
73112.262
73726.301
73419.796
73093.078
73353.771
73662.451
73961.181
74274.68
74362.338
73968.61
73835.872
73831.892
73409.441
73469.556
74044.801
74243.081
73711.302
73707.698
73574.019
73635.232
73178.421
73175.371
74212.823
73931.31
73565.08
73900.311
73465.609
73387.017
73039.336
73352.184
73346.245
73553.285
73010.591
72619.598
73211.712
72591.265
73245.771
73972.654
73706.196
74316.723
74505.061
74594.112
74820.147
74249.109
74567.635
74575.04
75308.805
74215.153
73215.886
74215.554
74048.374
73280.125
72321.837
72813.551
72673.89
72909.667
72488.075
72646.678
73533.402
73009.066
73470.276
73894.302
73985.795
73687.63
73847.906
74358.022
74704.771
74646.065
74787.369
74868.238
75060.429
74920.133
75254.187
75097.049
75568.186
75508.834
76151.306
75302.182
74264.338
74084.651
73446.029
74241.371
74679.872
75106.676
74425.565
74949.514
75930.906
76325.638
76512.329
76749.124
76551.086
76867.156
76162.201
75996.733
76185.703
76147.608
75595.513
76228.39
76742.484
76687.154
76021.224
75864.31
76082.005
76456.064
76339.311
76430.111
76903.04
76707.088
76179.489
76441.021
76753.773
77152.638
77490.819
77970.145
77389.425
77196.808
77334.988
77688.373
77857.83
78168.254
78930.725
79884.311
79696.444
80529.493
79874.121
79780.529
80675.431
80334.069
80244.186
80676.365
81248.961
80956.527
80822.115
80815.459
81433.307
81654.165
81668.184
80829.448
80785.827
79987.639
79193.635
79889.409
80607.535
80064.008
80383.088
81530.609
82591.986
82066.56
81123.65
81246.017
80369.843
79912.32
80473.424
80994.353
81536.618
80927.134
81127.753
81351.65
82002.82
81759.972
82114.101
82320.803
81987.908
81657.553
81375.747
81951.886
