0.68538
0.64144
0.60894
0.59291
0.58891
0.59764
0.62238
0.66101
0.72471
0.69508
0.68321
0.69539
0.68589
0.68463
0.70578
0.71216
0.68369
0.67843
0.65836
0.63897
0.63206
0.63661
0.64789
0.63605
0.60494
0.56972
0.55427
0.55158
0.55594
0.54311
0.52386
0.51048
0.49338
0.4848
0.476
0.47141
0.47686
0.47766
0.48785
0.47503
0.46472
0.4639
0.45887
0.46021
0.46022
0.45965
0.46665
0.48341
0.50408
0.52525
0.55582
0.59734
0.63377
0.62029
0.61721
0.63073
0.65658
0.68495
0.67583
0.6517
0.61677
0.59474
0.57092
0.56116
0.56206
0.56103
0.57405
0.59044
0.59721
0.61022
0.61373
0.63189
0.61481
0.57841
0.5556
0.54352
0.54352
0.54762
0.53966
0.51687
0.50343
0.48537
0.47551
0.47226
0.47223
0.47983
0.47669
0.48179
0.4948
0.51879
0.52818
0.54102
0.56736
0.56179
0.566
0.58313
0.61405
0.66246
0.66681
0.64793
0.63748
0.6493
0.5983
0.56086
0.52548
0.50388
0.49508
0.49021
0.49592
0.47822
0.46812
0.46335
0.46684
0.46674
0.47365
0.48099
0.47544
0.47724
0.48282
0.49391
0.5023
0.52105
0.5523
0.5661
0.55279
0.55323
0.55702
0.57383
0.60394
0.63736
0.69278
0.74777
0.8347
0.78901
0.77538
0.78581
0.81116
0.83202
0.8242
0.77334
0.74102
0.73323
0.74226
0.77133
0.75298
0.71414
0.67769
0.65236
0.6281
0.61439
0.61127
0.60236
0.60664
0.63208
0.6245
0.63747
0.66746
0.70707
0.70966
0.71992
0.70872
0.69468
0.69521
0.71248
0.74818
0.78709
0.85329
0.8368
0.80709
0.78708
0.74764
0.72284
0.70146
0.68471
0.66774
0.66634
0.63569
0.62505
0.63123
0.63116
0.64464
0.66716
0.70978
0.7573
0.83326
0.94343
1.0561
0.95733
0.90628
0.88117
0.85006
0.83797
0.85158
0.80404
0.78355
0.77095
0.76476
0.71297
0.67833
0.64622
0.62896
0.61658
0.6002
0.57282
0.54671
0.52375
0.51067
0.50649
0.50201
0.50591
0.51837
0.53528
0.55665
0.57015
0.58498
0.56448
0.55845
0.56464
0.58435
0.61707
0.63162
0.63576
0.64873
0.65635
0.68877
0.7399
0.71633
0.68624
0.67264
0.67354
0.68364
0.65864
0.62871
0.60286
0.59552
0.60088
0.613
0.60403
0.61005
0.6205
0.63702
0.66278
0.69018
0.65719
0.63033
0.60016
0.58948
0.56837
0.55258
0.54549
0.55388
0.57188
0.60452
0.64765
0.61713
0.60316
0.5983
0.6029
0.61774
0.64217
0.65489
0.67374
0.70524
0.73771
0.77311
0.75689
0.72033
0.70489
0.71198
0.67426
0.65039
0.64341
0.65214
0.66659
0.68364
0.68392
0.68746
0.71058
0.71394
0.73329
0.74323
0.7404
0.75994
0.80916
0.85166
0.87832
0.93298
0.97501
0.94554
0.95403
0.9347
0.88674
0.87275
0.8772
0.845
0.841
0.81108
0.80635
0.80224
0.82775
0.85559
0.86392
0.91129
0.93964
0.89435
0.87279
0.86594
0.83463
0.82409
0.84216
0.88513
0.81872
0.78746
0.7711
0.77414
0.78413
0.76742
0.7668
0.73279
0.72275
0.70891
0.71334
0.71272
0.69356
0.68741
0.69824
0.68495
0.69327
0.72001
0.74783
0.74341
0.75203
0.75028
0.76779
0.78366
0.75636
0.74545
0.75919
0.76099
0.72254
0.70535
0.70212
0.72487
0.77105
0.74222
0.72939
0.68934
0.66402
0.65079
0.65505
0.674
0.71457
0.75384
0.7951
0.79231
0.8179
0.8638
0.93565
0.90541
0.87367
0.82384
0.79065
0.78753
0.80439
0.83101
0.80064
0.77771
0.7702
0.78589
0.81527
0.86484
0.86873
0.90747
0.91615
0.91262
0.85368
0.82885
0.81195
0.78316
0.75737
0.7125
0.6913
0.68517
0.67271
0.65499
0.63062
0.6215
0.62446
0.64264
0.677
0.67945
0.69694
0.71722
0.74859
0.75124
0.72152
0.71373
0.72393
0.72704
0.75571
0.77799
0.8144
0.8837
0.93551
1.0054
1.002
0.95045
0.93209
0.86459
0.82685
0.79647
0.78632
0.802
0.81792
0.79338
0.76007
0.74357
0.72629
0.73302
0.73679
0.76148
0.74145
0.74237
0.76402
0.71953
0.6694
0.62932
0.60851
0.58429
0.57435
0.57203
0.57122
0.58345
0.61059
0.61889
0.60754
0.60908
0.62236
0.65454
0.62558
0.58672
0.56253
0.54644
0.54198
0.53077
0.53178
0.53531
0.54444
0.56189
0.55865
0.55855
0.54514
0.5416
0.54999
0.56484
0.58075
0.59572
0.62098
0.62131
0.61581
0.6181
0.63453
0.59905
0.57792
0.56985
0.56145
0.56438
0.57799
0.60194
0.58234
0.57598
0.58133
0.59928
0.63315
0.66479
0.70816
0.77344
0.8361
0.92524
0.93445
0.91426
0.86112
0.82669
0.79172
0.7809
0.78896
0.77997
0.75928
0.76017
0.78349
0.80593
0.81826
0.79153
0.78466
0.74182
0.72456
0.71268
0.69286
0.67413
0.66789
0.68324
0.71906
0.74442
0.71326
0.70325
0.71029
0.70844
0.68265
0.64459
0.62729
0.61327
0.59209
0.58414
0.59152
0.6086
0.63844
0.67674
0.70673
0.7586
0.73316
0.71716
