0.74124535010048498
0.32161111322301428
0.064878259271000549
0.38694701419178723
0.84356180606063125
-0.64934327893289512
0.45057626741350221
-0.60252500107214679
0.7135689377348573
-0.056127051331183342
0.019638312903674737
-1.2714078076183755
0.74550700848767382
0.17188284870728315
-0.31085815069858025
-0.0057635701075006707
0.037099375280148214
-0.096994123798890525
0.033946096380033694
-0.17216443776938326
-0.075198855597376033
0.17728945187967723
0.19772588324315291
0.23043789709449916
0.073926034942380314
-0.11442375132176091
-0.26953197074226126
0.34453965457872165
-0.14290795200612422
-0.15791132713852207
0.2839402155971209
-0.19106150559106433
0.053384127188357167
0.021783360424153471
-0.029741376936544883
-0.37753597071168882
0.10336758160822032
0.13729471341356489
-0.2752350247547275
0.19604338853334105
-0.053498389468233966
-0.12221670702121709
-0.04633636827570848
0.081254027539193946
-0.063441129072454611
0.054415933245845968
0.16835753868518258
0.34069952187744423
0.084809994901351105
0.28639151689391606
0.69993806076660503
0.60528532512838584
0.89795845762511539
0.72695778710647829
-0.00089326560153052403
0.54422474646638697
-0.11907318459174807
1.1249979005536124
0.48733009764467011
0.5385396509655529
0.40852799531275374
0.22546686418695477
-0.098964122789104297
0.41287383909972059
-0.012861372335551945
0.1252645878358255
0.17517019979863896
0.11498037130385608
0.076365902399545826
0.12106450511785573
0.099954317702395296
1.050930181517916
-0.49036911947056588
-0.058274158021979244
0.24495091726194593
-0.13253478120897988
-0.10252841815994471
-0.00071941913224427001
-0.23956128994154235
-0.1081609900468911
0.086429876337489109
0.16830902223637556
-0.34787549991497091
-0.066125798848516965
0.10951611500337236
-0.57838471105407174
-0.21018327105005424
0.23323035479980539
0.24180057806987604
-0.41618236007980891
-0.12214634034662178
-0.080873388519894646
0.028826743215191308
-0.1746439927267876
-0.022319854909177206
-0.59935869475423187
0.026172028464614749
-0.92670383041169735
0.12715737618258632
0.14738204311827935
0.099572251648712834
-0.53368246872588232
0.43397425981419291
-0.28337861776325374
0.043353301635427194
-0.27940917636428209
0.21511637472489209
-0.31083544706306016
0.18512785993332939
-0.11149384382352354
-0.10624147394350966
-0.048836549918577866
-0.083703254172081298
-0.19198680893382811
-0.0011673035900830325
-0.036143622888365562
0.022892568328086955
-0.017932889881974223
-0.39968682720310211
-0.14731152569854372
-0.2542255530181633
0.13761704955643544
0.046445264574856537
-0.10009833861499394
-0.24030314851197701
-0.23815765739859418
0.103413018153446
-0.087076861679252146
0.044614767888017805
0.089010428370764658
-0.55953030434468176
-0.49134882611037245
-3.9682388782281208
-1.2398034187441112
0.14328688544303869
0.13831618634164555
-1.4293001621244494
-1.2098621141097912
1.3549090075249224
0.078035983354621918
-0.71619848891062077
0.51740061321777431
0.39261514122550339
1.8719676306366462
-0.21973191602306691
-0.090231896645808773
0.092037442712643525
0.20115795782620746
-0.0096900642763905753
0.17868397942686837
-0.21395425508835977
-0.45336202016113475
0.49704054348328797
-0.45910157863201473
-0.51432514452731293
-1.2893864860809605
0.61726521659023348
-0.75614296249164192
0.97192952777824115
-0.22607314941695117
-0.68439286454198289
-0.4580193438365337
0.025968773657452759
-0.56142568957686134
-0.50989609098935573
-0.01690512255291704
1.5538313510745325
0.84283698488617809
-0.46047534034313692
0.63553184975907229
0.79211243594897784
-0.85425851164293953
-0.066900066936411262
0.1786217204088778
-0.45312271985491714
0.70729843259621494
0.26683163309185082
-0.5265579767345504
0.89421912733370656
-0.15254963820522158
-0.73742884958254051
-0.19467781861013228
-1.1088157403174339
0.34756675539014004
-0.57970646571853701
1.4854810175110367
4.1022734034023429
0.11144727168297575
0.065907446683589388
-1.4240408288288127
-1.331350613230863
-0.47320825721514304
-1.3368810479688857
0.70147003209441561
0.70384899941136991
-0.50374282965722872
-0.98178638986717881
-0.13061995917187991
-0.29232317528835028
0.27433490361835744
0.77578638797108446
-0.18403691511860729
-0.93687798967255664
-0.097459035884027378
0.12328884636413881
-0.39075078276637409
0.27909660139430847
0.53633883179004094
-0.095569849330476853
0.029172013763653831
-0.098611111019437869
0.16646040626568465
0.22095222997867769
-0.60706671422915859
-0.79568388824327618
0.16773558709031663
0.3133967422377899
-0.18645863784527575
0.04818473850327365
-0.57536950970326894
-0.63382369021337137
-0.25573358472818575
0.26017616381700592
-0.3317350011879997
0.39830013370681649
-1.6294760355853875
-1.0145195307857544
0.81238899405203369
-0.49269552749856055
0.090275633662953908
1.2033732852187615
0.45797900787693113
0.49809371174280787
0.026279231003734027
-0.85697491203741516
-0.30829325202061109
0.79003039086468629
-0.054383900083191619
-0.76255328191171179
0.93224599993499724
0.074609399793554743
-0.45931208811724711
1.0680126004586379
-0.61486121965882512
-0.83669913582531463
0.10231252424139703
0.4829828914671338
-0.1595465894823816
-0.30888794456271185
0.16866908136394038
0.43772390195542121
-0.47643748756713039
0.23860995330498608
1.3415837305463492
0.24193866720503387
-0.83315292698418819
0.027008549005991256
0.34029026524734435
0.48767492073560847
0.6256142814141239
0.21211721263708033
-0.76555115026045839
0.63988986709304174
-0.1843539171151404
-1.4096134131871814
-0.34644113331375781
-0.24871418880941598
0.81103288069782908
-1.2755426991442509
0.45663009219297462
-0.099523999957696285
-0.33894992914614946
0.6185545939010868
-0.90751834795344188
-1.2686213838349318
-0.48481119634769221
-0.19977470155927601
-0.89985564469901247
0.78023655120693802
-0.83521556817631137
-1.2691641900639277
0.31294015242214868
-0.42495660538190771
1.4936543303217802
-1.5152351953273535
-0.64190124276126403
-1.5475669743805798
1.949315783726759
-0.67279970359848906
1.6816767457295796
1.4521546778865151
-0.54864220070635838
0.0038084755407562509
1.773486100267633
0.18730891222379886
1.0780730454590193
-0.027125834991188841
1.0842543151016026
0.12930852805391807
0.41021121817330614
0.52260608169014255
-0.39200095847655814
-1.5115199934965649
2.1537828543328148
0.68096887104978832
-0.96007806843035315
1.0542277589735229
0.52221661493749827
-0.77099123447862761
0.34510908089380055
-2.2815846908584057
0.62026210744452381
0.53993431038109063
-0.93434304493960341
0.17148687760699621
0.74239798183300776
-0.80656547819462776
-0.62706766655933377
0.94091622166393218
-1.1613274683351902
-1.9581414631867977
-0.67622578289658408
0.74731053342416764
0.34708399105051602
0.45832660221352828
1.888756264110707
-0.76048953502018013
0.15288494301301647
-0.52115723079755039
1.0096903027958013
0.22895612378802493
0.98787009037489637
-0.85387881119665343
-1.0467994089523396
1.971339968071413
0.58364628403961394
-0.3033645245676635
-1.5297330812051566
-1.2614092078324446
1.5144761701990554
0.92673959894797941
-0.15721756318520352
-0.023147379304380405
-1.4319796092373689
1.3884894921790589
-0.63487156722112126
0.36215555664724469
0.33190501844722681
0.47678412624854316
0.57826839325013346
-0.024329955747802549
0.96331520762232747
-1.4711895515527669
1.5942490923060564
0.69414137966599554
-0.094290732510859787
1.1982995567204975
-2.0723100512246249
-1.13609571196346
2.2688642443087805
0.14332285834043745
1.0784932627227084
-0.74895729574922909
-0.26716213269189981
1.7906487115811436
0.3182514137968474
0.70856471531069654
-0.36901877011233719
-0.39069858008935088
-0.65576193479212608
0.97180098758240774
0.61983819651333538
-1.2022643506490802
0.86163609445689315
1.4681920481653099
-0.4674182541220312
-0.42758414597000671
1.4078320628929601
-0.87828132058150665
-1.3894023173914194
0.22522860362918573
-0.07755181615821985
0.48199976761534308
-1.6107007680602212
1.5840288360933772
-0.36350075127675452
0.67519316225256265
-0.058989319138987611
0.67234954354781951
0.88002308594683898
-0.54133261739116856
1.0076521388618911
0.58915940719239646
0.60946638491728644
-0.81734175595482728
0.50887458578786915
0.094532186304666393
1.3969509951980361
0.46790725833106267
1.0261210254131481
0.6060030330508912
-0.043513772556469002
-1.8307410706160572
-0.89763985712599226
-3.2347696996685285
-2.7160281362423668
-2.3311564578454007
2.1212636140001444
-0.51267114514834211
1.6034855001779409
-0.60549175427517088
1.0823950567156064
1.1752780765339514
-1.2112487456342791
1.5493980554206175
-0.075703747194959564
1.4569590215840447
-0.14387213756312134
-0.68208601041090733
-0.10907971717734632
-0.60414102619723287
0.44279053853979405
0.32069822517186802
-1.5350475195877584
1.211235254746488
0.40978011145508969
-0.15966169199184765
-0.29346242824565077
0.65708124131650136
-0.40674768621523927
0.98903448428600405
-0.24215870640655221
0.49107166932764046
1.39980573426986
0.77133073148150955
-0.91591677174340946
-0.073501320075501864
0.46592936847756711
-0.9785078741825608
0.67267036608235498
0.082602763171101268
0.42940505418041552
-0.43903007091589336
0.11170150807203452
0.10243345958235592
0.32330077099832127
-0.39168105103119799
-0.38828784249818654
-1.1562557110039098
0.90563471133442042
0.28778387613193923
0.14605353492974266
-0.51655940456398475
-0.28127308443587284
-0.55051264712287507
0.94711436327701581
-0.20789946974357912
0.006028006558726165
-0.26260439269698543
0.47975050422592197
-0.42947809488340888
0.4282704714305578
-0.043599807903899002
-0.27215153199372344
-0.61874235845392
-0.57311873010677505
0.36417180620007911
-0.25188654753131806
1.0182162481496653
-0.49610688648825124
-0.03685174420751211
-0.022689228642943662
0.16737945299266641
-0.43445031186288829
-0.48719699254612947
-0.1419155059368481
-0.78239167485409555
-1.0066289400055999
-2.9297596645114972
-1.9099160897529972
1.8688826191432781
-0.85129900768705113
0.88233683638988136
0.57764221441576891
-0.41068113105835036
-1.8018344537391031
-1.56533877032706
0.31895767702612343
0.34491848395014957
-0.88399264828474022
-1.8673317778849416
-1.8621450036641956
0.15538147179206679
2.13285949264474
-0.43088876739543669
0.98525110420012862
0.61501382797707982
-1.1045491775591145
0.51875614459717623
-0.065279335251433396
1.0025691332825328
-1.3889784928609845
1.9542185090915618
-0.63376647678116149
-0.054194898063560371
-1.1241250667365188
0.85653171579205067
-0.41876466166076542
-0.46201822361313172
0.78195237855598976
0.52795148211630316
0.48416882729325239
-0.18134762883836822
0.85470899142492418
-0.55697755870039145
0.56159450309941183
-0.32967243185283407
0.025510183384795604
1.2804015676073537
0.69891990331661413
-0.47820014993688054
