-0.9072338605163508
0.94432873859703681
0.3994855985043026
-1.0061073388305173
-1.0782646125902362
-1.1152680835731568
-1.061525499768025
-0.977861421857251
-0.99371430872672573
-1.0351101313593964
-1.0434829812867992
-1.0741713540272371
-1.1629946364359831
-1.1649164219166603
-1.0853637096516477
-1.3649070565367232
-1.7614426933297209
-2.1035066720897322
-2.4458953927244571
-2.7044602337334922
-2.8932569967817092
-3.0174489553988963
-3.0699329254771586
-3.1088974058400454
-3.097771939674367
-3.0678732102346005
-3.0572991449525899
-3.0698189122610522
-3.0245505403117203
-2.919063752925577
-2.8757728020489615
-2.9560670141992791
-2.993130494027501
-3.0017541806655013
-3.0920088342862719
-3.1830753328613355
-3.1982367931917084
-3.1440512600401553
-3.0219105821167105
-3.0971621439624828
-3.1346790390133261
-3.1245041896260437
-3.2072514052939121
-3.3105260702361314
-3.3534890656247716
-3.3478350864483337
-3.2783669480789861
-3.1580332300667826
-2.9724455981929743
-2.7129142509938369
-2.427260103890021
-2.1945742072068311
-1.8883694505786952
-1.5517034755871586
-1.3374200160299217
-1.1764943803451566
-1.175701919697947
-1.2517773570580581
-1.2275823702992783
-1.2121393342803528
-1.1052533809592733
-1.2869457059522527
-1.4611156087418455
-1.6791893657937544
-1.8958563624315437
-2.0710889435528235
-2.1580891372414519
-2.3282245123757654
-2.4242952081450042
-2.4488123793091283
-2.4571048509773519
-2.3829591061297064
-2.2332175559788308
-2.0314726169880135
-1.7336625069421661
-1.948287067989144
-2.2442914457847021
-2.4546773944133071
-2.6530287770491578
-2.810453242975961
-2.9035717372391341
-2.900149486632225
-2.9254636964810157
-2.8862104819479293
-2.7868500387418371
-2.6519741819844698
-2.6137833905326389
-2.5010086495620714
-2.3132589032032018
-2.381708660226598
-2.4075219246165336
-2.4080219326656569
-2.3900705789817596
-2.4844200857778893
-2.5230338737019955
-2.478724517197735
-2.3563566696315674
-2.1975673808016087
-1.9504768314052292
-1.8640505268999961
-1.6925059017573407
-1.8854127596939065
-2.0049982042803478
-2.0548913891965164
-2.0281213948603449
-2.1338456886538002
-2.3079642842322592
-2.4920436305615579
-2.5853476052261906
-2.7125619307543127
-2.818421923816961
-3.0204488450556437
-3.21124975331711
-3.3598147078375673
-3.4639824683184464
-3.5066299879497387
-3.4889763841093444
-3.5314044989482252
-3.5073483047041503
-3.4047557627006881
-3.2258474692904744
-2.9765203650009822
-2.9589065041595033
-2.9076988438182454
-2.9051581525182009
-2.8531999420398289
-2.7299169908062311
-2.5399609918280066
-2.3564707732138044
-2.1658761158708941
-1.8930710844595349
-1.5566311442993972
-1.1296359718440301
-0.6222725001857311
-0.081914534060500879
0.52718340231661687
0.38301140207824308
0.22386750536103622
0.14604034999340396
0.16049500216789775
0.092358332713033217
-0.0039217083205966077
-0.19664054884986176
-0.30468464000188644
-0.3844440459702701
-0.42205806007856511
-0.39308249132993295
-0.77676423741829448
-1.0905491375366969
-1.3110767003721187
-1.4470251376268373
-1.5278535022566171
-1.5160257891971303
-1.4359443433999468
-1.2975710542355674
-1.1534314371145136
-1.0060013702646939
-0.83450238662507426
-0.6380785147862168
-0.64184250018985989
-0.64371732433659667
-0.66303251256368378
-0.77226712924404628
-0.80390583296036744
-0.86759128034937827
-0.89201933267859579
-0.82127907996571425
-0.7448677992326026
-0.63790246918768767
-0.43694030982635507
-0.4968453356858416
-0.59723226937821394
-0.64761588919983026
-0.68822367085234681
-0.75521041629056784
-0.89719893249233396
-0.94189259043624418
-0.91192680963888217
-0.86259098666193679
-0.8465804907411788
-0.75774205866158628
-0.63687189629932384
-0.59575467103372182
-0.46190652365924445
-0.32495444976155019
-0.11670890540026463
0.050140775773098806
0.29903517101105703
0.59914015061506809
0.8836992770708324
0.62600909235132662
0.45134030073135573
0.37433767122496048
0.24808754473735636
0.079148930016804508
-0.032692838245436229
-0.22888004178869134
-0.40374923614846825
-0.56755583766726947
-0.68262237504106893
-0.88772857547457773
-1.0224142861274685
-1.0868728829996712
-1.0896444678690866
-1.1942651000289584
-1.219658908669061
-1.454778458610027
-1.6039651383807472
-1.6772840923983803
-1.7548929685186212
-1.8081757423243461
-1.9566322995017806
-2.0375196167432814
-2.0301857917564448
-1.9428765410096009
-1.7868961458914123
-1.5896441812802702
-1.4938009366820724
-1.5931354289066222
-1.6232523322574055
-1.6138043466900098
-1.5378281873987683
-1.3804471662820139
-1.2693938889469094
-1.2207224311584555
-1.1079419448576664
-0.92969370707581345
-0.69834763622843443
-0.42539008665676958
-0.44086424434047028
-0.50656736850768391
-0.59651330830292681
-0.62714774478109636
-0.58485391649328322
-0.69677665299736613
-0.7695399742276936
-0.81466943343958509
-0.78022551268328788
-0.82330386194069716
-0.80707761666228084
-0.83961133561148926
-0.7723441045145254
-0.74675725266608983
-0.81836467554062464
-0.80644995828372779
-0.74754018006965539
-0.84517751321088619
-0.94496212196787477
-1.123543526899667
-1.2142055576955684
-1.3123404991078569
-1.3393206391249193
-1.3182306346547665
-1.216121974764268
-1.1052575970746938
-0.97658570258409994
-0.78010697451279254
-0.87861330612631072
-0.90030176375228599
-1.0017078598766331
-1.0203000988335025
-0.98731001305558164
-0.93167525443607058
-0.89346294720596953
-0.77678369854779994
-0.70436906129347865
-0.643442531568998
-0.4955776041369927
-0.57074105140468134
-0.57026782141888765
-0.49465068773986121
-0.44890826442274373
-0.56143925576938969
-0.63056269809399357
-0.60160952355641406
-0.51312156371045914
-0.3967438835772184
-0.31662901407318528
-0.37371065180294027
-0.36796306261477457
-0.27413436793160206
-0.20287500638225966
-0.11836481839590601
-0.024742388851767685
-0.017339331634458024
0.094524406267211009
0.27112542689746938
0.3674882408894749
0.39755874822936915
0.49875279116917171
0.53905651981162939
0.45893684759916015
0.44135967596592574
0.35106229961243968
0.20659779486697658
0.12722892053769377
0.15814004052656666
0.009836393516470341
-0.059764310836416631
-0.15619875174484191
-0.17790085686090193
-0.24444714649049479
-0.226732312351827
-0.14454777397558938
-0.0042857812549006212
0.20826647027488482
0.32993013925789499
0.22832275691189668
0.16166857973809073
0.1180498907566384
0.071546744852810124
0.086895100214463131
0.13515279098114483
0.25681932996037021
0.087003174041202502
-0.036493489850025811
-0.10584675910318893
-0.1757261347737416
-0.15747188064204298
-0.12020622465655471
-0.069382331210929737
0.030555448352030692
0.1367454849878203
0.21097808135272073
0.085298764955776998
0.0088345982087832762
-0.042558124803502746
-0.013527691412935266
0.080463038745121604
-0.052064476917106715
-0.15781130041869731
-0.16634372674319264
-0.12071469525218388
-0.10755554145703464
-0.0043242228110973247
0.077404552272174035
0.18094679757354162
0.29027184268426082
0.21601424250827836
0.19981200420252745
0.2710187894982905
0.2594077381156506
0.21161841563141556
0.077657823479679242
-0.036690748705831354
-0.069809040471637621
0.00025739306941664764
-0.044252759195379542
-0.20954234727085164
-0.33865456020252499
-0.39652914491755598
-0.38106592968295822
-0.3218769984678459
-0.22318558652467271
-0.03546666887535304
0.14913425243383407
0.24239956940008772
0.23655701056317871
0.2813372011367371
0.41083550190266532
0.53372692711325997
0.52552086877865356
0.52189461400567716
0.32747055918825418
0.22145243708602363
0.12205094157981494
0.052800516892429955
0.069013072960894858
-0.11979635656982443
-0.22529685187846546
-0.30469408668868331
-0.33222101384328934
-0.27799022891605424
-0.20730571572087153
-0.16527282527119205
-0.069183764906921685
-0.035036774484114165
0.01729322530736507
-0.045079994049359494
-0.050145151990381456
0.019192813537505939
-0.0048434399457736683
-0.019044640840949898
-0.14268639983806436
-0.1636627371247916
-0.099870557226305764
0.028500156560926089
0.0076784915307899805
-0.18813035343382017
-0.29970951255532857
-0.38921502510486622
-0.38428907589495948
-0.36826562058426843
-0.38167809087285931
-0.35645067033689831
-0.37272186468158358
-0.3645967373683186
-0.32127186241340672
-0.28712211466352305
-0.20760048820715438
-0.037331910139048366
0.013641804963024463
0.14743908757466334
0.26294047907853552
0.4385442962020133
0.71005490592443399
0.90500125514245144
1.1658027780893991
1.216648996255719
1.1553892155763141
1.0130728883425562
0.81063189747993658
0.69992648106229149
0.53624076172885693
0.44834715463546693
0.38038497576446501
0.31644995426434475
0.23780908264997777
0.064866158998181461
-0.024094557168042773
-0.2297880879232044
-0.35607930674593352
-0.46118665638748318
-0.46902535755373226
-0.46134438288950219
-0.40281168819942276
-0.25924174755351348
-0.33111880616115136
-0.52205613407786022
-0.65077764731655918
-0.69850170891718821
-0.67965326058934594
-0.66500618477256679
-0.58913229139068912
-0.60126499527457522
-0.5375206940513243
-0.42175456493842894
-0.50795165773326667
-0.59191355694259329
-0.73547484437307142
-0.79760614175540334
-0.8231225827802986
-0.97955369706251094
-1.1743953991528624
-1.2757707214588603
-1.357047861627799
-1.4361209497218062
-1.4397000324824398
-1.3488598897553237
-1.2320686714514459
-1.0966533970995789
-0.90651687436150652
-0.94926869153461346
-1.1047335472721027
-1.2052874147768873
-1.2167200606383333
-1.2365017614471443
-1.2057082296554897
-1.1888802894649106
-1.3780488370818631
-1.4908421297246848
-1.5262201063937109
-1.5058504842278888
-1.5130307653190125
-1.5101235439187644
-1.5212868365773557
-1.4502423681839238
-1.3292536291913393
-1.267435039801555
-1.2386917086792681
-1.1664636130346195
-1.0424992215942741
-1.1215155678937569
-1.1936373523742623
-1.165460495658472
-1.0624274329451302
-0.88712307597141915
-0.67009354049113901
-0.43096736338023606
-0.10971186018065172
0.25085337427508231
0.62353970572856621
0.66234244945940113
0.60856022224482464
0.48195940398066273
0.39524420449826386
0.34497022064499977
0.35990707643480557
0.45055444814857226
0.4249944959112707
0.33743813006529916
0.33034582818156066
0.40936557875569712
0.5319747015210039
0.54681976982403813
0.47223278272870334
0.47300201651114854
0.28735369517553228
0.18377424321968641
0.092167839345336566
0.051911062083810904
-0.0170934423093629
-0.023258635288532389
0.062872084727218447
0.15126803285694523
0.16714984480346406
-0.03666992747105384
-0.18302883166278536
-0.24293899153714352
-0.36920135984657165
-0.52844105337162917
-0.6279257456376014
-0.6696712799399912
-0.75576488828647925
-0.80958950524444573
-0.83921383685830597
-0.77974131541453873
-0.79946857994196863
-0.81308920240341431
-0.80492937058519398
-0.73511250382409621
-0.58011403981873466
-0.61665314817729244
-0.67501301708728556
-0.94814204319894702
-1.4976513368683977
1.997886158682215
