-0.063892746376726109
0.020529102462776404
0.18618357008019321
0.42249212214573545
0.32818216226154662
0.013145083193111006
-0.063892746376726109
0.68274333567563161
-0.063892746376726109
0.50444997048676288
0.54756488833773587
5.893593560816111
3.3843572827910675
0.22994588100080585
-0.074275221881210038
0.2440862203118872
-0.023366029324197513
-0.38127544894174181
-0.1366274136039933
-0.22111434867273838
-0.15913168070245418
0.031346187949001958
0.23839995398631977
-0.11552118018775671
0.22266192848508709
0.16692898964321479
-0.083804881870957193
-0.053932927284962899
0.78441429757963532
-0.17641322267175191
0.14166825105176914
-0.26004034875110948
0.50701514332355901
0.27420285976904318
-0.26749415339308752
-1.5144947979218668
-0.073852565468489312
0.18287758419392122
-0.18176742628000933
-0.044173788388463107
0.0048927535883721875
-0.034522524426804167
0.0043849218623481009
-0.17134523768325197
-0.044290814888435712
0.023957813441509351
0.061980021204733178
0.31605290237512257
0.2963226994049849
-0.027496857244830135
-0.22846967673187477
0.17317654363019583
-0.054859105409707884
-0.2365971585707039
0.15388744956120501
-0.22689041987136693
-0.0093364428396619254
-0.018600623172527787
0.071059391240874958
-0.28048283314600692
-0.16436242750807337
0.081993615435031669
-0.21895071522084381
0.036646440566110466
-0.036605233613542315
-0.10940329568353925
-0.091274516591598187
-9.0003683838867638e-05
0.026722831070863394
0.035071756809443133
0.11416519671192281
0.42226931001556273
0.25610031913074971
0.36985328070184181
0.84601003326429458
0.96235357610139238
1.2772402107279721
1.1707357224268007
0.43578067734515591
0.5181196031941675
-0.069165825432765199
0.93627920518950447
0.82935320278999269
0.75130131966029212
0.62666201965551493
0.34561841425562456
-0.016538934393036563
0.24368685978524124
-0.0062918729845026005
-0.052402646160232512
-0.090718541175874842
-0.056222673940961115
0.0011237084098727915
0.11044660851082981
0.13787355269485024
1.0791847697935957
-0.012980546958624781
-0.29973066260623688
-0.029451383286061807
-0.26142216114623912
-0.34977211227747995
-0.22542891794185177
-0.34127562970975744
-0.20479909946506031
-0.067621178572920215
0.22381056916671771
-0.15909941791154569
-0.21543439256327068
-0.086216096209639159
-0.59965259970216123
-0.55773478728420112
-0.080004576909543018
0.33703380925064963
-0.20145444696891507
-0.25891760731926994
-0.031854659989740408
0.035728441965208704
-0.13953625227597802
-0.16006568715489516
-0.66031974895433165
-0.33595794641948112
-1.1045812011032681
-0.288857944562736
0.20746189342876484
0.25635110366103175
-0.27805500495248026
0.27174691622186259
-0.045990711930947899
-0.0058780974408990149
-0.32471761117742443
0.031139582323217327
-0.29129421918003601
-0.013527516989976156
-0.045625616747582566
0.0089242448410464109
0.004010603714419767
-0.095537550486566272
-0.15016983201757342
-0.10038917676652123
-0.16478090993314359
-0.0225271552367328
-0.086857638999767936
-0.39909126041156123
-0.31618651216165533
-0.30640505103734461
0.038505141151576772
0.1241944881689617
-0.059105031376136923
-0.23250377836007113
-0.39776244876539835
-0.044018053799020289
-0.088740787177860089
0.050023268162835768
0.097855176399101393
-0.51481393582427704
-0.72539090637127202
-4.2864526221311507
-3.2586778221566384
-1.0974131510099232
-0.043814171996165489
-1.0206256048555205
-1.5944170869429388
1.050308111416574
0.98418611823928936
-0.13605983630900448
0.62101331426185014
0.61525108730644995
1.907271975904882
0.35505953828286779
0.15219126619954462
0.40974947619761359
0.19932635199922005
0.26498688287966732
0.31888012404796806
-0.02279878043221548
-0.58698955114777374
-0.092381597091158091
-0.34492667332803589
-0.76688807558981886
-1.4815131186760184
-0.08100634902809091
-0.67727807338538115
0.71118367355749956
0.19574329952058811
-0.42541900987248982
-0.66551912908235722
-0.50840653919764189
-0.51433521790409931
-0.84040795319105099
-0.46474517964275974
1.3687357025580469
1.629871380901678
0.39745082837930606
0.82798572644020985
1.2243482190997619
-0.4331878905830997
-0.61623071164067567
-0.26793849171789413
-0.63416250520615858
0.23181903983196891
0.42916578637449426
-0.0422401339373982
1.1282754457219575
0.23579375797558313
-0.54270119293612407
-0.63721759197236993
-1.7584973285877317
-0.54025981753104113
-0.84277061953725674
1.0958455213077265
4.9968118997657038
2.6889029749355844
1.2001393671174725
-1.1915618442876863
-2.2634043947093607
-1.8665227890453886
-2.6756557151766662
-0.59419936272763074
0.4808450012828841
-0.03507768719084782
-0.4879903463231543
0.20093860333377772
0.34485999969085845
0.13931427342424363
0.52097173933847529
-0.40759826571756524
-1.6430705891910398
-0.91399165578421893
-0.14620889677593332
0.23007561032656465
0.72755739690110555
0.97428567304130442
0.64783641768926881
-0.12399155842306289
-0.39598166935490808
-0.057031307946979415
-0.0091291471387389463
-0.7221633623303555
-1.1561432457076
-0.17353403454043329
0.40731397215082621
0.2436315977308238
0.32331775385279327
-0.39930710308815848
-0.89441995252991546
-0.86632162833739812
-0.20672332017913433
-0.33701253766414502
0.16692249579774388
-1.4380057614116197
-1.5449934088711834
0.31968294167816724
-0.094581957387511642
0.21980495110527201
1.2335350170979651
0.98381841239137913
0.98456497286550559
0.30312250405586899
-0.72886992956213936
-0.67246053934646999
0.23172006984308791
0.089498703894938789
-0.62129275640868431
0.57352991532469155
0.44476377461725042
-0.063892746376726109
1.0331131488635026
-0.16317597881620313
-0.89379710961596093
-0.78832297130647699
-0.031903143824056339
0.071205507378487617
-0.40020870926727942
0.12133984356774374
0.72011500567303366
-0.10162970262338643
0.15349614832168371
1.4317785025361729
0.85293050105956203
-0.83545846522259781
-0.59993784925849047
0.12620692757914329
0.5485707857505745
0.8737647234708863
0.62516332991429779
-0.38642627339189284
0.25864078063844059
-0.17818151616943789
-1.3529799276656804
-1.1996627827712163
-1.0143733253763525
0.45912351668597473
-0.94745530154550917
0.042286809971144132
0.28645211038882856
-0.14505954363602788
0.57189397256364705
-0.67749356690536611
-1.5729851126840462
-1.47891314759468
-1.0295170516442465
-1.0735393576359034
0.42996186441201228
-0.27179159802907477
-1.1554876663333986
-0.13234730055711058
-0.30631605070119333
1.5051600090911057
-0.76499948445611454
-1.346032540609496
-2.142627808036675
0.97736288601882759
0.15534009255060269
2.0255793877586714
2.6150721741224827
0.58834726477003929
0.2215044882230611
1.6033952126667781
0.99754812857145114
1.2712391770823832
-0.076108835457469742
0.83376176268561786
0.60949604828506354
0.4365295814727847
0.98999028034769065
0.084797398616984931
-1.7994829156007919
1.0115862481142452
1.1610865232757661
-0.48644313406855227
0.30829241192835005
0.7197800404227892
-0.43657199392808782
0.0644416348659064
-2.3726410649810314
-0.43622775750691362
0.19254942162229371
-1.1438989710594447
-0.075381181361095062
0.84647093928259998
-0.43377921839509387
-0.73721002393931945
0.50975490961913617
-0.78346301898743143
-2.471496549369169
-2.1169278801013243
-0.15469516153588075
0.80946257547581657
0.83520915311323807
2.5853325791411099
0.90164469822632487
0.18714255182789824
-0.61020496425453219
0.77644069625491918
0.29595079552455755
0.66666370339530845
-0.63591712894939512
-1.2936514486524535
1.5120438235233353
1.6170778964495689
0.75192947106758634
-1.3547037429701014
-2.4068439111340121
0.2928421477462273
0.98107473605134898
0.2857575519862825
0.19356215579787586
-1.4507344516132579
0.76429155518510095
0.0084474566212735351
0.48255131886721558
0.60200627803549922
0.18818021764399273
0.55423742742907933
0.0098471626310765586
1.2346251214418753
-0.91655628733639039
0.86630229761900179
1.1889567933292009
0.25367966479202797
1.4594947702314465
-1.7616620918658277
-2.1474891723844727
1.2245441866158528
0.67484186755756059
1.7976317155967934
-0.2033008482078322
-0.67947448237954311
1.6788536993377916
0.84511787964159168
1.3313518112649796
-0.036897948496345277
-0.87004485988347724
-1.4052884591107053
0.16674781574478528
1.1752246531931474
-0.80583978457192285
0.54969204286106488
1.5317079043035784
0.34874591726795734
-0.18757939853394232
0.77854066059834626
-0.36658401457314227
-2.0235008415160545
-1.167210124561382
-0.063892746376726109
0.49327270967142367
-1.4300058468831114
1.0106131643849521
0.54591237582762853
0.87340383982974401
0.17435746963847656
0.70533103850098189
1.007308653885806
-0.53337892149196475
0.69921935227419418
1.0342860524176336
1.0507555257545094
-0.42720997045115067
0.18929402991039879
0.33349308881262746
1.3060129030864658
0.95329711960800456
1.3501586624255946
0.98915963545602636
0.097360754066954144
-1.9002043235166817
-1.9523960271238998
-4.131443355344218
-4.9068364052756106
-4.3153427725454838
0.39216866780215559
0.53897372223488227
2.2555001319550581
0.93776642802892496
1.7252420676445683
2.0002652499005618
-0.65624405841482347
0.86648270013145789
-0.14954425803156193
0.77044920046721177
0.35831137147346981
-0.37472832480522983
0.36538663862993553
-0.30185182956483619
0.46991496037857555
0.48555046098661736
-1.6177370931894466
0.076481725927159794
0.18364047849085585
-0.018890661175154567
-0.13055040162207082
0.59660963786739563
0.44502532084836599
0.84166777570680029
0.24429250668057881
0.49851775301283402
1.4384804803091951
1.2359423568109984
-0.66659421481859182
-0.38590360983223421
0.0061296744325465393
-0.95902562329053209
0.20688887680123719
0.058438677619549094
0.6521314811679968
-0.20576305129443712
-0.22235767900734812
0.28665619475832982
0.28831144327236352
-0.35998585801900312
-0.7227428773209893
-1.5635116853579161
0.051693415226499513
0.49933922900596517
0.5713691458383322
-0.18119182467207975
-0.44236320422923686
-0.66612586996114242
0.51676804968881085
0.1130343494493429
-0.079879477458603299
-0.423325022502612
0.21397318966475626
-0.24349954168399407
0.519902325392819
0.27007816141119817
-0.14915033670884048
-0.80561734577082234
-1.1146429777618208
-0.033223889694294462
-0.18994275382027592
0.84516558437700706
0.076956803568987445
-0.036716557838354535
0.088611325224105669
0.17545618013365943
-0.26438567585300976
-0.82385407766719554
-0.62106465604996552
-1.0821571194441373
-1.4798546396815297
-3.4897124089316645
-3.3467257753103783
0.63767647302816743
-0.052696390283312869
1.1131595193359545
1.3636267686088341
0.24938903131079113
-1.6015112663590327
-2.6104940362219433
-0.72500720866691581
0.22529850999113171
-1.0354913293120593
-2.2239863886343518
-2.5461842886034645
-0.46412998413872625
2.4469062077809878
1.3567530704724273
1.6523552336254983
0.94678742604853716
-0.88207267888320029
-0.15017093032002909
-0.17658003340833267
1.1405292909387694
-0.9678179819088647
1.4062523026515581
0.32618997900114827
0.27759788003773056
-0.84930473322931932
0.20035004994193556
-0.13645401546188643
-0.98520419356117572
0.15335599513833867
0.75441293105324736
0.70143592606964478
0.17995861819876766
1.1391165458256056
0.20095412698930193
0.44817403861381416
-0.4409466192344566
-0.34228626455198674
0.92582464691206479
0.90302019381088094
0.12127915594367954
