-0.93676745288854713
0.89813565201995549
0.67901756729882701
-2.7292493543987586
-2.6880886455460526
-2.4505746356677411
-2.0964684328067822
-1.9952740267294637
-1.9303734295149959
-1.6124157744900895
-1.0546433771876176
-0.70725896671672517
-0.095923246258702202
0.68993960143778654
1.7048970172993436
1.2444227200684383
0.12395883974513734
-0.75681491380696408
-1.3709681408102228
-1.8354501942407204
-2.0428514557318809
-2.4227696911265477
-2.6405944005872648
-2.8543082735157954
-2.9736548721743952
-2.888317321872353
-2.927455663050893
-2.8260079588702718
-2.7627152051606338
-2.6323345069951523
-2.2966217599831857
-1.721918704651018
-1.9494744404325595
-2.0014355185143291
-1.8490726069741092
-1.5999097134699081
-1.5148273136903889
-1.3055075032647383
-0.87927503021023112
-1.8060650383335723
-2.4671661766307627
-3.0416484682149019
-3.6396045410535551
-4.022527383265925
-4.20593432289205
-4.178497665818238
-3.9387266691309986
-4.0100665397039039
-3.8822046556105518
-3.5306190673285056
-3.0251425546921453
-2.9258470325917321
-3.1215610266643123
-3.0710830867803809
-3.1665838953375047
-3.2747859347140156
-3.1804154930937152
-3.2830353981735936
-3.3420410286658058
-3.6526225353139758
-3.7305991407549328
-3.5942873523097365
-3.2833415430037278
-3.4123578551904723
-3.5808857327808128
-3.6011855994334354
-3.9578804757815687
-4.1013642406142488
-4.0830692065043142
-4.1008233095165254
-4.0954334028842041
-3.92602246904179
-3.5595870345626861
-2.9711965435702976
-2.2497427091095403
-1.8581909297368535
-1.3542524073283846
-0.75255637659167318
-0.37755926961079378
-0.12593380997032583
-0.20829565649002629
-0.52282659010633625
-0.69098767591422172
-0.76653018708341758
-0.59254280807710225
-0.66508912529164566
-0.89806190945056985
-1.2848211570614738
-1.8757423360295624
-2.4811726036412423
-2.8166244924846495
-3.2962334133219646
-3.5288352303110866
-3.593707014967209
-3.5688243374772401
-3.335940731634778
-2.8676986090130687
-2.2599343005434833
-1.4766078920571268
-1.9255836171478415
-2.1189219945903441
-2.3330272578428151
-2.3068743622474499
-2.2583669678284051
-2.3566718661109021
-2.384161623019919
-2.5901218152725058
-2.7510192435054597
-2.6879943911041231
-2.6423583505185935
-2.4825888650126964
-2.2584820893218081
-1.8202147017327976
-1.8109287877255311
-2.137572235734603
-2.2346282281664225
-2.4518561535321388
-2.5826724475234402
-2.7995085347375022
-2.7941436951247547
-2.5470436829933636
-2.1277163261879348
-1.5405843118539786
-1.3731711068684602
-1.060905916768998
-1.587912482887069
-1.9621446861202947
-2.1948523275656666
-2.390637092096334
-2.6179188291117561
-2.958822382468385
-3.063640792596261
-2.9521749562723105
-3.2431713353328666
-3.3015347950095677
-3.8690054615529643
-4.2085785609726365
-4.3963399166008177
-4.3619786449973361
-4.1259741199123994
-3.8589595724725267
-3.7494183153808955
-3.5405815622900252
-3.4369291686592365
-3.1127642228269496
-2.6133341095026559
-2.5452842115751606
-2.6378084250422984
-2.9266029096663839
-2.9764770543860086
-2.9140355908934277
-2.6372838717103706
-2.3806420094756069
-2.4793591152806416
-2.3272840104942256
-1.9844298757641252
-1.4144847866696284
-0.60456488831013455
0.31219303353101635
1.3809155684750689
1.4050719826147671
0.92791502020495797
0.57761155797048203
0.505205146716181
0.48482079862881916
0.23610718788764473
0.018197968623498081
-0.25846780317246532
-0.28359302314483226
-0.21416631343179901
-0.032292270293988956
-0.69631070116246541
-1.1745196623332925
-1.4378077496241382
-1.6966436566389267
-1.7900651204968054
-1.7854025232780057
-1.7368541165664415
-1.448825780340927
-1.3979964824321141
-1.1013652674210725
-0.67065834707543193
-0.32336190090412553
-0.6327203183187905
-0.70080347750500749
-0.7937386587707157
-0.97242235591384829
-0.91782047136605027
-0.80248505773553958
-0.73605400564111123
-0.59288159247604966
-0.36126837056443067
-0.19225825020942217
0.13102368430993672
0.22036507729296725
-0.074972946035247123
-0.1432909620206172
-0.18285579216406836
-0.54711695847713127
-0.74527755272148866
-0.94480625961762099
-0.96318340772267497
-1.0949752403815984
-1.0465298607551141
-0.90920997525202729
-0.52302302983000692
-0.53150281351423934
-0.32251047174582553
-0.0089845588333527914
0.41747866498424147
0.49976138933775627
0.78753003644600184
1.2537215698148005
1.8947872783214639
1.6998992622854583
1.3949256521781501
1.2625460910551418
1.2961086956057024
1.1483348768972861
0.93129342549136063
0.1552295974178359
-0.43028607412200603
-0.9006035928330417
-1.1046094744652537
-1.314937726797039
-1.3147586922050347
-1.2457180531691483
-0.94840638939135902
-0.63946244343335301
-0.1592118235949658
-0.36915583426562204
-0.71208108936677905
-0.82166812316605642
-0.68519416626209861
-0.66128187887352685
-0.91711455795583852
-1.2711500307221193
-1.3896012264382995
-1.5000400509470337
-1.3671920480628585
-0.95412503416472916
-0.73415898670173652
-1.0852416714134505
-1.2436061555283799
-1.3317528014663977
-1.2552053927686881
-1.0513370742766246
-0.73480851075443576
-0.6798275851887825
-0.85072498696881371
-0.78726918845756666
-0.55265614800940055
-0.061424035285311117
-0.0070709626825653229
-0.39995923023263202
-0.57383643773575699
-0.51405646304459929
-0.19880063320285868
-0.21759380698428893
-0.35354626273031925
-0.65039964119298044
-0.72730676878220768
-0.89455247425402629
-1.1805814148963272
-1.2614368656847814
-1.0998735303567875
-1.061810804197499
-1.0820955658060334
-1.045357812231581
-0.7332934041927347
-0.87337401803141956
-0.76397441911751096
-0.93486208704685014
-1.3636523819670605
-1.5481525582105551
-1.4793117743270099
-1.4297084099741446
-1.1229548862348042
-1.0902361118438295
-0.81767452246677319
-0.28943045763013331
-0.34457144683696239
-0.45960370998447947
-0.65980491045101874
-0.84917253626020428
-0.78907305179693343
-0.66170754462226089
-0.75824580600621205
-0.863053205922235
-0.83911463905301853
-0.61543706220309125
-0.14913703086701083
-0.063395430318895066
-0.19945356045146173
-0.44534476849626109
-0.5480275430377014
-0.91280577448219291
-1.0177331559055891
-0.94288451781873495
-0.61809463923142427
-0.23683502634100229
0.21005302271254106
0.29364185035607321
0.16066798999370435
0.0073201550510636282
-0.2505387205007098
-0.31805899252030145
-0.17482722311125545
-0.28977926761724909
-0.13265765568765159
0.26037469447984046
0.36313233504473752
0.61681643452005142
0.83880253448750963
0.70069829777062642
0.68457331397496102
0.95519817295060305
1.0168544302805549
0.61496450147678472
0.41610825863054407
0.47347518894436641
0.2801042271236362
0.14963832261621116
-0.18205252700049515
-0.23711875156584564
-0.32951198361834971
-0.32045053416735214
-0.13568810859350561
-0.065459327968390574
0.29512144671150026
0.15388279963925153
-0.0015934132111712813
-0.31144772900356632
-0.4690711005887242
-0.42587863118433783
-0.37237849622279068
-0.15565006637366796
0.35741257958464606
-0.056564600729426831
-0.25836129887651593
-0.20518928414838139
-0.40854658575752834
-0.3614467958853454
-0.3740757282417671
-0.22469246305352972
-0.025791779680759585
0.35165868512676007
0.85006831993218612
0.83264048041687178
0.49421587753564622
0.44800898240608611
0.5166104526509635
0.73849677482921805
0.28043358450923178
-0.11581997888244117
-0.26896745073582301
-0.30793671993625821
-0.37878695252150052
-0.23725948551775178
-0.019368208791789753
0.3238524742083107
0.54250918556666139
0.62605760883088057
0.54739385228245852
0.65276911162561357
0.73111588486150025
0.25654565561359516
0.0065308727698096128
-0.27337145556157355
-0.34771759084168058
-0.15328189292548519
-0.44916543073433585
-0.78214461363201526
-0.86773759516532678
-0.90121775340078591
-0.95544178748488451
-0.8033328897593689
-0.6285118141592031
-0.18716561836777545
-0.046537028927145542
0.081494181742726837
0.2359161482432586
0.27615861537457281
0.59598848844602559
0.81968887237219734
0.90757777435518527
0.72050028928321685
0.55928276576303793
0.60509523346661143
0.33437169360371194
0.31343776255425798
0.44430463317727403
0.30029018781030475
0.25093584499011878
0.014681897861308489
0.075040621022992027
0.15262141782198146
-0.048580182073924505
0.046310049641315139
-0.024924280108605586
-0.060301680726392297
0.067109118016770164
-0.25742277718045242
-0.35411622874071019
-0.19640331942462377
-0.019475682721197301
0.38990284880139869
0.19034789505165586
-0.084162952947916272
-0.075523001292139028
0.099142273929925473
-0.051116354078274043
-0.27004377143840763
-0.33709924530938545
-0.49324211680124724
-0.41363493947191554
-0.29600312763956255
-0.37244355696795906
-0.30326171957060688
-0.18526352159526882
-0.21010673991587753
-0.44416742527811376
-0.48185350742448785
-0.29674327320706795
0.10807078332974189
0.26655344497768163
0.47058210481569723
0.58581996345208343
0.77224346780652553
1.2571275967588365
1.6704846137469327
2.1666497375722589
2.3403810664535882
2.1327113107762385
1.5553065636448158
1.2620703328874805
1.2297699986212312
0.96932100741827165
0.88128954363145007
0.68740457233855845
0.15682803073335555
-0.19611080246350265
-0.58420303414557229
-0.71949529729237871
-1.0211953225015937
-1.1703763777874989
-1.2263977646771638
-1.1912208754496432
-0.99661394574769069
-0.7627122964106865
-0.43625661942763422
-1.0442428212896415
-1.3907482299362819
-1.5726428123524292
-1.4797040769488177
-1.1641986305661594
-0.99607405094300661
-0.75598647399905416
-0.74585826655207565
-0.4970054075539827
-0.12531573117014919
-0.16883180501046707
-0.49952166903595185
-0.81850324980089462
-0.99872896056924387
-0.9096376785753455
-1.2892675665366107
-1.4489835343402084
-1.3975972948656619
-1.6268815362235078
-1.6962728929399806
-1.6293167591285356
-1.4551981286343867
-1.1488245507221151
-0.71780634502556029
-0.36607551754267759
-0.80992694514282837
-0.96569022697515983
-1.1099066778865518
-1.320068047143258
-1.3060390108633613
-1.2582052324261599
-1.4764611415350541
-1.8385990174998885
-1.9680778519056581
-1.8732873491880813
-1.8964207368395614
-1.8123379812312785
-1.6004257172220988
-1.5581265831270661
-1.3720869838269973
-0.9424935759230797
-0.7824518409708312
-1.184405777321321
-1.3166524754035371
-1.249009442267033
-1.7063887997055263
-1.9269630646605889
-1.9058112534499421
-1.6700273772591732
-1.2272401846874095
-0.63283078957678718
-0.20179777466540436
0.35188038701483509
0.90738980839367012
1.4441053795866237
1.4358864708256596
0.91787092985599594
0.62847912774080605
0.61692872086445361
0.63122704478599245
0.6132316169564126
0.86936951403880169
1.0473512302669068
0.76189504582618128
0.66709137232715854
0.8432769550315955
1.1636083075198147
1.2458807417783371
1.0663723562453298
1.1387580339492154
0.88634351102732956
0.68763191257835066
0.32366915342730845
0.010887316205420165
-0.27347555800458057
-0.30121618029654923
-0.077562791466481609
-0.049236183449837448
-0.071215537015456479
-0.49477173368752631
-0.70085762213577218
-0.70515487045010861
-0.95094885248923966
-0.94815280849815686
-0.70201433810354708
-0.8200593499362957
-0.70905015121249548
-0.69268201238793281
-0.75542392391739344
-0.59043545237595663
-0.8866421734637524
-0.95184570839041849
-0.9610117599834167
-0.86929552818858613
-0.62532785720677553
-0.63046392515682781
-0.87913280092291557
-0.43087054909680211
0.24021567928699181
-0.75090507108528948
