-0.80982885911270264
0.87073629323278878
0.31740836150317947
-0.68514291494848134
-0.84577117390268464
-0.98000200747989663
-1.0480937358565774
-1.0600596801284001
-1.027295821400046
-0.93386493169863238
-0.79699859616677871
-0.59207593878551235
-0.69326570981124869
-0.74876451177272751
-0.72989962680390819
-0.76940260141329042
-0.7683976253294541
-0.69962287484624508
-0.69600846889895529
-0.81671112593509076
-0.86412991934071204
-0.93984723640540069
-1.0006632006590599
-1.0324493206782452
-1.0359620427718117
-1.0163056748279564
-1.0481590774877005
-1.1318051766941515
-1.2698003226822552
-1.3373464907981372
-1.3532971422297739
-1.3547958418483952
-1.4251721764197163
-1.4985584858727621
-1.5522010139513069
-1.6471690625812654
-1.7058201325339408
-1.76406384835993
-1.7944568215699375
-1.7826980403500372
-1.7747867640739254
-1.7300860975147727
-1.7670431525819044
-1.8033794375491246
-1.8118329322470843
-1.8620012542398097
-1.864684967569322
-1.8561558742854607
-1.8462881535960585
-1.7995645905047057
-1.7123272492471773
-1.6133073433622329
-1.517308266699392
-1.3882871686571467
-1.225498051583384
-1.0671832178958967
-1.0983042558719724
-1.0918653771429407
-1.0351325214727192
-0.92428737137729455
-0.79266239118496229
-0.79872833739700189
-0.83908613636972218
-0.93684254204046724
-0.98059589761407129
-1.070379201125339
-1.1032769446328698
-1.114248373697438
-1.0969087394289605
-1.0484200639166936
-1.0480914292098993
-1.0439039886749601
-0.99848559198869924
-0.9672482019040215
-0.91434588325260924
-1.0349727926267098
-1.2083405108226644
-1.3371875146590408
-1.4085167038723045
-1.4600049435238915
-1.4635759703992532
-1.507022876362798
-1.5832984500523644
-1.6521991195275629
-1.6981082864404917
-1.7059210834198857
-1.6692823094132043
-1.7042852358944056
-1.7023345005367048
-1.70536868234834
-1.699356769703138
-1.6687475552489748
-1.5969501874383056
-1.5690536261060228
-1.5229210397326014
-1.41787992145852
-1.4049856129838432
-1.3434272062782937
-1.269912421640141
-1.1533809524582743
-0.98682514308655989
-0.96873106957905675
-1.0338454141283537
-1.0693772994312032
-1.0341324107491527
-1.241507686247455
-1.4111539326617779
-1.5365423430249929
-1.6136261905963936
-1.6086312532823399
-1.6234198092284278
-1.584857450027592
-1.6688512275844425
-1.7399979878516312
-1.7723120407966935
-1.7645440492516564
-1.7626726641342678
-1.711897329236074
-1.6849172114610624
-1.6739996056557123
-1.6309911549706066
-1.5858458586469593
-1.548095498378476
-1.5181942745503758
-1.4393111887799805
-1.3089391310074436
-1.2649319698041368
-1.3212291590313647
-1.3384560495067044
-1.3240962647301444
-1.2560402702598419
-1.1408224670809932
-1.0228620401135329
-0.84410506810440888
-0.65956526831267559
-0.4071726002375311
-0.5014997625662555
-0.51507742404288948
-0.46918729923635094
-0.37534624801087824
-0.33503418646306093
-0.36532946565839891
-0.50414679992574729
-0.60928659624440207
-0.64801232591728875
-0.64674543437066845
-0.59478788667034588
-0.63704514387085553
-0.73594160362988703
-0.88620601854020398
-0.96872145320003311
-1.054607723555824
-1.1078264100715973
-1.1256464454066057
-1.1078559006899324
-1.0483859298282181
-0.91910173583356125
-0.94476326551343393
-0.8978610636012615
-0.78714519415531869
-0.65165920440489966
-0.65001479069119061
-0.60081932378415026
-0.60324922700793238
-0.62672972306449204
-0.63228536493848175
-0.60193515555412458
-0.5036727025113048
-0.38815874036644599
-0.19940439127282802
-0.25340314044303863
-0.34692273452935679
-0.42584376769181981
-0.55387328934436897
-0.64964366294461562
-0.7518724369735863
-0.80766958960557456
-0.86698136394423497
-0.87562172016952322
-0.96836525178178134
-0.99713481827418804
-0.97143559566752968
-0.97553307547712365
-0.93069972199747253
-0.84267443153956023
-0.69233783962064177
-0.52793949631174053
-0.29865502050803139
-0.0097864456711055734
0.2595408780905552
0.043126491132041048
-0.0823351539511889
-0.15140212507669998
-0.22418236895335758
-0.24290775260053585
-0.19734569701447277
-0.33746635794172641
-0.40836780773370507
-0.45202556687898221
-0.49038687156422411
-0.63646504186491748
-0.7490977546299592
-0.84739168947981358
-0.89703575339288089
-0.93707354869419279
-0.99793639463725248
-1.0710909752575759
-1.1811299997395499
-1.2692053935643053
-1.3240603696871356
-1.3360852850259215
-1.3841021435774354
-1.3901979195060092
-1.3741458232097647
-1.3345537447048441
-1.2652693656444873
-1.1929602498622687
-1.117157035128675
-1.172010798082546
-1.172164927707779
-1.146356036174039
-1.0642296052935383
-0.92327961981925799
-0.87051372524265258
-0.89216959885941705
-0.88742323342571861
-0.88505633299666675
-0.78202867339937343
-0.63361018813343339
-0.69465783708252993
-0.78126560876181017
-0.83044165900208011
-0.83638057982836378
-0.80661683896852954
-0.88176004240076722
-0.97295183286699738
-1.0657481000931961
-1.0938133008000592
-1.0761049985586759
-1.0265953961612444
-1.0362813309514658
-0.98774911563418744
-0.94349054443733349
-0.89856622689472254
-0.82875720524448881
-0.74871076834027683
-0.84094026088478691
-0.9217186350196096
-1.0256588153644972
-1.0640094006600935
-1.1394794401796251
-1.2111514901734137
-1.244552887762153
-1.2184576731441723
-1.1526121645300422
-1.0330397211539091
-0.87055122718833089
-0.97460266228537473
-1.0170241203270121
-1.0322465837565773
-1.0133247764439479
-0.9613853370203217
-0.8800112668208161
-0.84304964575339703
-0.78440787222572794
-0.68375097189320533
-0.57122895032658749
-0.43805282012949176
-0.49719147002344882
-0.60992892317161362
-0.66227151450811594
-0.65247450067815438
-0.79315008463279657
-0.8848445475393748
-0.91069930675056787
-0.89288649198905201
-0.85828528116017921
-0.809951975009361
-0.77069598131847661
-0.77380449711423471
-0.71612852496566604
-0.68832046134381997
-0.61431999106796242
-0.54977571029764893
-0.53931057644620983
-0.46398967179173184
-0.30992498551965469
-0.18384024090119069
-0.098836426315553338
0.046819973802165647
0.12930312699396151
0.060778826541748029
0.083537010492619579
0.051004898565329353
-0.08165831121770814
-0.1391801566970724
-0.13871844843993977
-0.23467113690220098
-0.26664862061257594
-0.36292922515436998
-0.39747443315668229
-0.41325487324784549
-0.35234986341253549
-0.27464853020209207
-0.26989554292868589
-0.16826957858495462
-0.10582153414028481
-0.20758857093671929
-0.25053233202016179
-0.25046967343735083
-0.33184983995059297
-0.35255902480641976
-0.30837980181619168
-0.2036207931175025
-0.37426047885055796
-0.46334963833686738
-0.50143187239193954
-0.50166104238606235
-0.46403325844062093
-0.48279249499454296
-0.45149179240235032
-0.51601057100279146
-0.51956884996290476
-0.51353783152632992
-0.54835349361183294
-0.520243711928569
-0.60798187431518136
-0.62466880745132569
-0.60797650227857847
-0.67454197271108018
-0.67252691486969529
-0.60749096709867045
-0.53301191110525814
-0.53839248842753895
-0.47641096984682929
-0.48146371526252274
-0.43759642019291273
-0.39657806800840789
-0.4267780210682473
-0.40054569143835006
-0.30209891300794667
-0.21567632314656882
-0.28000117637717054
-0.44091875349031323
-0.54338437157987318
-0.56079222708178444
-0.51311462050269163
-0.59756281126842414
-0.65429958550121781
-0.76224563573054438
-0.8303041116706471
-0.87429448408133081
-0.85710479149598284
-0.78817342165922655
-0.67834713095632471
-0.57076897476111932
-0.43299616976124816
-0.41274318317248376
-0.32441192271178887
-0.17373986881932146
0.016267787209465295
-0.058468429894141041
-0.14390634759479243
-0.29769719486146273
-0.40179893147971935
-0.42932193849405548
-0.3954275588106706
-0.34321394911768222
-0.43588556461498801
-0.48617107313994007
-0.50235820159212541
-0.4515412386437378
-0.34012719156064936
-0.19100667493310913
-0.18719277994125369
-0.102446775602529
-0.089046425054723641
-0.075126379168067067
-0.19343940753217467
-0.22659521968085172
-0.26300991899673432
-0.36587438643200204
-0.43936648946001433
-0.57547836485671722
-0.64627569414813635
-0.67073399748030427
-0.66932103264419307
-0.69862553499089608
-0.79493363241583881
-0.84639914026075191
-0.84160022939079238
-0.78139627076085139
-0.67465213031726623
-0.68823805912824121
-0.65264155672632795
-0.6104173543877881
-0.51665301078700754
-0.51942484062201055
-0.60148080577619967
-0.63113012112508915
-0.61256999718670302
-0.58153309384517327
-0.48194545426776791
-0.37621488925722102
-0.24253423847918198
-0.028118914783465038
0.10971176126495276
0.31470045238507671
0.29826964679215812
0.20966672358660071
0.15835580025514179
0.011971964721729712
-0.053758522782905889
-0.16225193691795539
-0.21397909938767878
-0.18110916005704122
-0.1239579007155147
-0.20205263063594131
-0.32785851438750979
-0.39215547820072072
-0.4986621196541563
-0.53148420345451508
-0.57276994747085119
-0.56452906604479558
-0.64508821738450839
-0.66059483668308616
-0.6300697888591541
-0.72231053520238453
-0.82153587937451833
-0.86218363446718393
-0.93766361724537639
-1.0378321710953973
-1.0754430018534895
-1.0617942591996108
-1.0655901284500489
-1.0072677269367605
-0.92459895891053867
-0.97543280647810782
-1.0499800763997016
-1.0850726956142431
-1.0803561722640198
-1.0015662434141344
-1.1677810017750059
-1.2726849476400488
-1.331014930143736
-1.3438867602478255
-1.3404357642003331
-1.3608827066546507
-1.3383950066577814
-1.2800286113785462
-1.2036555630298522
-1.1046507748552514
-1.1343196604860539
-1.2020503604226322
-1.2637064422033604
-1.2992164126196253
-1.2992932246492723
-1.2566323565958513
-1.2120090269233206
-1.2280924838652121
-1.23268515759964
-1.2210963809408495
-1.1659530804406173
-1.0776051598406409
-0.96589115854018226
-1.0708899463218369
-1.1198926403706919
-1.1171426392012096
-1.1702415091068359
-1.1737719167078775
-1.1390001999686057
-1.0762490782386116
-1.1425573053597444
-1.165162090499227
-1.1364440147521311
-1.069678562406525
-0.98648915040017504
-0.87259886622591221
-0.70797715979992237
-0.45431511231503074
-0.24958898491831741
-0.011763069539297002
-0.0098795353864063306
-0.039443573779397487
-0.12936326526056055
-0.19831128090817973
-0.2905756400921326
-0.30931145665383319
-0.24587394690065134
-0.29686638664019827
-0.37065341850121891
-0.37714303083756817
-0.31162644655965405
-0.20703078911517153
-0.17090164956965917
-0.22106327550621124
-0.20528111027846052
-0.35235934378740741
-0.44293222997318399
-0.51290865067646363
-0.57961503412190729
-0.64849939573613347
-0.65355381991493433
-0.59271642800088098
-0.48908438175352231
-0.41920401302759819
-0.57360341400792747
-0.67683612166965845
-0.73546283789094924
-0.79261249120824573
-0.86160896347115712
-0.90505936770413353
-0.91281354813431848
-0.99545952323584186
-1.0902611125336912
-1.1375870202269538
-1.1266574726345409
-1.0631637615728291
-0.94939968205345759
-0.79317923542517421
-0.66781144924781177
-0.49334126056164412
-0.5350699550165251
-0.57028065185466581
-2.2484480772783439
-0.10916001280533785
-0.11044224078595624
