-0.76609237735122504
0.91139686551560006
0.34405888627823272
-0.80316165710862819
-0.95818699850361955
-1.0586667987055607
-1.1594962901705554
-1.1950340937961543
-1.1799129280453722
-1.1103046153082177
-0.9909677687532763
-0.79794486634882189
-0.80590055999601817
-0.79515145687256783
-0.77891327394410992
-0.821133867917751
-0.8373508859588481
-0.80218981148043744
-0.89746077387508083
-1.1715430717861472
-1.3700864804493156
-1.5071391016178166
-1.6370531495113156
-1.7176167004729646
-1.7426378772026501
-1.7315596464638268
-1.7263723431603482
-1.7691411736603944
-1.7694092785354938
-1.7537517416544759
-1.7334825928534228
-1.6585383727615246
-1.6422947248657358
-1.6951137363034221
-1.7752886800648149
-1.7890904585191261
-1.8650303321921813
-1.8931817716958981
-1.8767832850921713
-1.8438075497138455
-1.8889396767527813
-1.9586865484973957
-2.0429398144129696
-2.0914016256867156
-2.0727840015244339
-2.0598561620893721
-2.0375401652544252
-2.003207145982187
-1.9482852260166958
-1.9098157593106866
-1.8779109584971196
-1.8312883909664606
-1.7258530251047612
-1.5700699485464282
-1.3788378061449886
-1.2340367224692392
-1.19003490215373
-1.1258835909778306
-1.0381325649732136
-0.87482692548838203
-0.68454702297250269
-0.78808595686624483
-0.88773650723382602
-1.0564014290788251
-1.1911547806142542
-1.3241190512941212
-1.3868922421517922
-1.4175106988566091
-1.3826023643724699
-1.2895612897045778
-1.1366494337100945
-1.0647739826465175
-1.0118126142626043
-1.0622523883092574
-1.0628329977424298
-1.2429350039688909
-1.4417130748604867
-1.5910383455585002
-1.6982193809468085
-1.7491533346699368
-1.7477258588478997
-1.8049418526278915
-1.9726238135123177
-2.0827305184122316
-2.1497530348784375
-2.2054071838869858
-2.2178467773282353
-2.170780717240028
-2.0753660669215033
-2.1277037829336121
-2.1246787331441936
-2.0749893682552449
-1.9937992317446169
-1.9965439927583115
-1.977399016904092
-1.8983395096467504
-1.7594698734942178
-1.5950340967015375
-1.4555105810946825
-1.3674984212779231
-1.246580133278349
-1.2776051733337628
-1.3579993757908024
-1.3727675192079793
-1.3280541046432417
-1.4514461491081856
-1.5127467118072531
-1.6863453805392064
-1.8023970778171066
-1.8459383050200178
-1.930340724885625
-1.9806208706363104
-2.0750317152375959
-2.0992298894448607
-2.0965408319204015
-2.0578260070529337
-2.0159081830948269
-1.9807113300595538
-1.8950104110887549
-1.7733966857461443
-1.6011036674903298
-1.6105271743400373
-1.710464193163667
-1.7499557611883882
-1.7390123394080919
-1.687669045204309
-1.6601301050042481
-1.5652471133290948
-1.4652225931585123
-1.3220930358087704
-1.1564334271506689
-0.93217493431844523
-0.64290181163211868
-0.2872765940396414
0.081637705564135979
0.50037093612682326
0.33256438700977936
0.16728904546261453
0.062979989469155562
0.02521505744583219
0.014678227052137097
-0.042731294809498672
-0.20843282311797648
-0.29426708165307996
-0.36259574768436403
-0.36329580717336235
-0.32720482293214986
-0.60058432051449118
-0.79786728198131751
-0.95064828645015254
-1.0351173912693254
-1.0838629174482575
-1.0875700032428972
-1.024324774451185
-0.98202232741890172
-0.90843001362820086
-0.84381650544484277
-0.75699228424359166
-0.59785831717496329
-0.62938833018716145
-0.63236000548526161
-0.66992504301027045
-0.76890857594639561
-0.8302445314967013
-0.84320704355974274
-0.78778880950230079
-0.68911527630434755
-0.56692430928640414
-0.44233653991874095
-0.27074854730927028
-0.29340176931061729
-0.43255439119035205
-0.52015795023189271
-0.59798857961868213
-0.69491047933642358
-0.78463753322849461
-0.84666175215729722
-0.8844400892493065
-0.86360281017191343
-0.85355842340644306
-0.78135534995690692
-0.63974706894889677
-0.59214842757449471
-0.48589490220261261
-0.34026885533665513
-0.14566830496411079
-0.026785081357431753
0.16927410134669585
0.40690316477116378
0.62349672759855546
0.38709525730605948
0.23461266156947808
0.11828360063100155
0.0049553563436917063
-0.093823034068528252
-0.15024913134082943
-0.32477965993887542
-0.44621407494313542
-0.54387182386582222
-0.571489442456802
-0.72653307951262258
-0.81934422799002937
-0.88800029436430783
-0.88342053033959445
-0.8991825162720487
-0.93392857078312042
-1.0676506830066854
-1.2173093138215609
-1.3149713907950569
-1.3584560888595949
-1.3324355457844401
-1.4713606955911191
-1.5566838962088276
-1.5899001933255712
-1.5629719515402369
-1.4942771662611019
-1.3773098912893804
-1.3020383505610185
-1.3730464369112008
-1.423939196163557
-1.4131091613525246
-1.3533259346795428
-1.2430119978384733
-1.168798781072397
-1.0846736393868999
-1.0025819243908363
-0.86305325519818765
-0.67950444316338043
-0.45095380313596356
-0.48628949655523712
-0.58882927068522262
-0.67795566953128694
-0.70562643122595259
-0.68870700288314868
-0.85780892209933524
-1.0604468879330704
-1.2082050544661633
-1.2918453188008929
-1.3613644400893465
-1.3820342345406489
-1.4032512543826068
-1.3505915406266369
-1.2521880216944465
-1.290218055212375
-1.2770499694255
-1.218037374552889
-1.3220683767428711
-1.4146957030908172
-1.5106277317459431
-1.5366366303478418
-1.5791358716558441
-1.5706556175157551
-1.5497638602761437
-1.475512724564106
-1.3974980711117608
-1.2494171300810051
-1.062437183488331
-1.1135103130319219
-1.12850343305315
-1.1195462201430573
-1.0487596560697674
-1.027607385611331
-0.96321199114937628
-0.90716235011002821
-0.81662051719209272
-0.73681569109397793
-0.6340939466091956
-0.5498847384929455
-0.60707504453130723
-0.65406641335720728
-0.67320667155215996
-0.63284303961742194
-0.71331266306476182
-0.73249681102335629
-0.68428709368277763
-0.59430118217080952
-0.43570257398825246
-0.28772305085607874
-0.24191893121390129
-0.18332138718523372
-0.082121838597433175
-0.031810823039354078
0.0041036523027012392
0.032376959166744712
0.039978301775812838
0.11714617828434036
0.2362500291820718
0.27897398952098756
0.28490858970400323
0.34761975346170276
0.38820340657307117
0.35993681691090196
0.39241044809311348
0.31757158504910843
0.17487715044678825
0.098473779171584064
0.083810398977459136
0.015844065040235385
0.020725087787123331
-0.041364545178918806
-0.04244325373401929
-0.12217271375908255
-0.12502353046150078
-0.10611545075575701
-0.054874475956549519
0.081269823576020778
0.1760384853642406
0.12129055344256542
0.10187679847635436
0.063380515738713852
-1.6778066808178758e-05
-0.0011071283026754951
0.026558639478233111
0.12538183449552792
-0.10446395629427177
-0.26811326905444882
-0.39727508371983733
-0.52709209926994138
-0.57872711352672845
-0.59381943115950164
-0.54138127251096912
-0.54749288504594851
-0.49558650166003687
-0.52327834933097406
-0.49760753899352184
-0.57947963207440767
-0.62151797410674914
-0.58941197297552983
-0.64361508586084137
-0.65224145687587687
-0.64766569917786621
-0.57238710828966577
-0.51477751481386336
-0.50853874631670415
-0.48552507485559515
-0.46317800680579668
-0.39415745701517746
-0.26096170020306414
-0.35417268666506058
-0.38474008770691592
-0.35827689071166824
-0.42410333675977807
-0.48162033943550353
-0.46781434514301617
-0.43327083696648738
-0.33349758944896479
-0.18292900532488232
-0.20935040457712792
-0.29012640795531597
-0.38475736696788521
-0.42373848002047493
-0.39756931211253149
-0.37620870751116164
-0.32946015943938778
-0.19959159145344246
-0.068005986972673738
-0.010528380136193951
-0.072324878054219791
-0.053859337611074483
0.033055363160142827
0.13027381234849267
0.10328972219612724
0.123781163625466
-0.0005831458192212931
-0.085341263418613714
-0.17288773437479013
-0.23714569602660976
-0.23492673722683852
-0.35740086226700479
-0.42671433961414351
-0.45260790746652002
-0.40842131993695963
-0.34681545743472281
-0.28532819007483523
-0.23966423839279691
-0.13792669966309007
-0.098271501478791434
-0.14213826688727862
-0.22750068715974128
-0.23559823190534251
-0.17236340356273866
-0.25931751158450733
-0.35907025079122223
-0.52274564755593456
-0.60795014470083708
-0.62643998131037293
-0.59015967698276284
-0.6023306102839403
-0.74326672975831631
-0.81938527050749321
-0.84327869157732194
-0.80825839158552149
-0.73495475397166155
-0.67104384003666462
-0.5734702822891492
-0.46640248069513274
-0.33837669308926227
-0.34389762916161581
-0.30820674285681759
-0.20603438897091783
-0.045812798154755724
-0.010013540857452402
0.088046967095520484
0.18108797500580631
0.33401044541874297
0.5733733904456555
0.75193999703093251
0.95593631141059976
1.0067598296666194
0.91322912154807967
0.76748160929904585
0.60425900938412591
0.49798478642897998
0.43089477586842134
0.39505887057314903
0.37957440265289122
0.24650458664742356
0.1140923772609789
0.012254315154535162
-0.092168429217958411
-0.25740018826138977
-0.36184535358532044
-0.38304751301552981
-0.37485616223165513
-0.36144949475337657
-0.28131404909682517
-0.15584091404170131
-0.26382052257064209
-0.37092324243620606
-0.43566740143335558
-0.44311277073701122
-0.40168841476606815
-0.40243374796846249
-0.37229002773334657
-0.50191919482384506
-0.56547396367994818
-0.58542049643034155
-0.59848993170616427
-0.69350948603452256
-0.7357583761763492
-0.71462804700707805
-0.64802095453629494
-0.67181911166317898
-0.83527885253257395
-0.94123105501067128
-0.98951580652169602
-1.022779584863071
-1.09685571121681
-1.1033525790911194
-1.1214168602154262
-1.0930111061888577
-1.0495467973428452
-1.0859667090993455
-1.0755699638922132
-1.1188633261314218
-1.1388804375452548
-1.1063233165555795
-1.0340657972988903
-0.93144848804274771
-0.96064451563455289
-0.93215134628093244
-0.9250514501355811
-1.0858024779075925
-1.1787809243385245
-1.2366706556975904
-1.3243846333013258
-1.3448127748229282
-1.3321402561404565
-1.3151881925135236
-1.2632582171236286
-1.1579019079686541
-1.0652901700813753
-1.1419792528969919
-1.1736953485942136
-1.1462219703376058
-1.062883869426684
-0.92711794875587694
-0.72940561152580941
-0.52040084272413512
-0.26285775171027415
-0.020145295941216654
0.26444424133216282
0.30085628735536951
0.21153151735414025
0.12016723631004808
0.062604596131818041
0.014159088827910711
0.014772891113690109
0.039350618028358153
0.028481833405879953
-0.060066251057316104
-0.078454521595867757
-0.023939182443903001
0.044072330478475405
0.060628169919004903
-0.005408547179057953
-0.025187912924825678
-0.1444192247950446
-0.22564865765702771
-0.29016957511759328
-0.30512818959491894
-0.3770110433660212
-0.37724093608539455
-0.31186206606239547
-0.20246336645115728
-0.13831527474381064
-0.27213697326228026
-0.32930685768181017
-0.31919781779819634
-0.38362953696512225
-0.49729692900999151
-0.66317724719667581
-0.75771667908237372
-0.7952695061137719
-0.80060768000155424
-0.8224565825527056
-0.78279915166677372
-0.85886458789791253
-0.91788306444578205
-0.91103280749167459
-0.86463688829724172
-0.75172166447636113
-0.85594440716203035
-0.90895693054970683
-1.3321115646124284
0.55978267574959173
-0.59969813597537558
