-0.60266421836208972
0.90957292809740742
0.27749948915660311
-0.028146843609484599
0.033026102575210513
-0.031582561947273713
-0.073450437224499024
-0.072909970502180343
-0.18709118854958065
-0.25494113779266347
-0.29764306548862168
-0.27813265086121419
-0.36475074652545197
-0.47260018460493636
-0.53060519078507307
-0.63848889685603649
-0.70591693292453728
-0.73048494585454149
-0.72592876810306162
-0.77272319151764712
-0.77518031918888097
-0.84576674468686397
-0.91604696262239482
-0.9691846655290175
-1.0007824356298167
-0.99446878459769417
-1.0368909936841659
-1.1058728410553778
-1.1870415470172671
-1.217687294198692
-1.2110279211154951
-1.1926439541485423
-1.2300578286493147
-1.2962625554193343
-1.3464256221415001
-1.4093515752905725
-1.4496616325495424
-1.5161113041241525
-1.5742851322512845
-1.5894836044789011
-1.6018452035406578
-1.5841629650038251
-1.6079154486853582
-1.5976941492260157
-1.5618544726245369
-1.5492862631938669
-1.5116552531463296
-1.4769805954015933
-1.4319389932639337
-1.3547527185375399
-1.2348497886569205
-1.0883637095373146
-0.91683411721943908
-0.71285839061900391
-0.54196346152503583
-0.4470660073522863
-0.45868149736057584
-0.46646647291438453
-0.43172211148585166
-0.35744975384150213
-0.2467801628980045
-0.25066817047214068
-0.31087290916835997
-0.39195890134836103
-0.45584540133560947
-0.55567076955164596
-0.65838450512405999
-0.73524173464914677
-0.78143272139418396
-0.77982411100624904
-0.77735901169898169
-0.79797856266805556
-0.79041675872587547
-0.80762518087929913
-0.80184888570515278
-0.89540671573726294
-0.99451737342138657
-1.0831146335207404
-1.1621127529402375
-1.2128474347908822
-1.2623693007790773
-1.3193089375651781
-1.3679853286102432
-1.3930763354651945
-1.5024504453452407
-1.5793359949058106
-1.6220879715481236
-1.6260612657978513
-1.5998674118092295
-1.6313309895306463
-1.6261960666766617
-1.6010473631166926
-1.5307058218536198
-1.4895673831648955
-1.4381088266293769
-1.3577266918735049
-1.3300555406478041
-1.2720965569957754
-1.1891306158946704
-1.0832361341061709
-0.94442860174994236
-0.99078887016069084
-1.0225344779233498
-1.0097143186820468
-0.95252756869881727
-1.0794653032699011
-1.1796268481881493
-1.3223094207745918
-1.4405127530436972
-1.517023149792512
-1.5675150701531542
-1.590651929419598
-1.6255612195251572
-1.6583886063592583
-1.6599069064757395
-1.6874798340811459
-1.7536222427537393
-1.8165290265589749
-1.8537727947671427
-1.8723640411709113
-1.8641052536165397
-1.8274302951273733
-1.7955370411133882
-1.7415572035431659
-1.6592490552725736
-1.5359766250481037
-1.4611378516044706
-1.4236826268240945
-1.3476613417552517
-1.239142606647671
-1.0869489965864605
-0.91716429337746863
-0.76113740875490099
-0.55945627456801938
-0.36318661002413477
-0.12328428523394373
-0.13086416462418818
-0.087200594307411033
-0.034529558933858187
0.063345463045236181
0.033437384537311099
-0.12076533016542455
-0.26075064283208055
-0.3517320789911651
-0.40617441972007484
-0.40221990889291348
-0.35894224602410241
-0.3445525841001213
-0.41995490573086386
-0.49176237723363903
-0.61058324489519222
-0.67575062276529307
-0.71770887140114492
-0.71963121375892702
-0.73904119427263182
-0.76682975695209021
-0.73718231034692139
-0.73105746668296334
-0.69627421473360174
-0.63868894407752019
-0.53906594762706794
-0.47837594366245484
-0.43857554856469366
-0.46695650303616842
-0.49606370148682616
-0.51844869257158943
-0.50529832428915655
-0.46474393245963885
-0.43917023093719687
-0.3701989854382049
-0.42277733804300505
-0.46137209446162947
-0.49735043418793323
-0.57101489516371495
-0.63588017143609987
-0.71958140276315674
-0.80597446169286679
-0.88155577710111199
-0.92052060267252012
-0.99615512934147077
-1.0326955551047805
-1.0383426023448206
-1.0061684122658219
-0.94250757698290322
-0.8403548035958508
-0.70825148246012459
-0.55541205627319046
-0.3591625488354413
-0.15770056460812401
0.04389163138357377
-0.09249396707637314
-0.17333989075956946
-0.26306307426794856
-0.32213057185182442
-0.33360945082561821
-0.31687817451605849
-0.42403638952717254
-0.49698646569185756
-0.5355700543872457
-0.59006278495728792
-0.7418981461137466
-0.85049422507369721
-0.95656632803176567
-1.0086662467221279
-1.0593992411523649
-1.0840579968692845
-1.1331151491241425
-1.1624427462594644
-1.1737382511680405
-1.2108563804427512
-1.2314557920600993
-1.2461115310963493
-1.2388007050517842
-1.2273886897096127
-1.1854062091560769
-1.1070969840681311
-1.0209924006646682
-0.97743865902423055
-1.0086761814831213
-1.0052172249595606
-0.95663344770810455
-0.91052145683273866
-0.82598670030997545
-0.79983562313229517
-0.79403823420616604
-0.73514368417042575
-0.66463599337054713
-0.56610801730011362
-0.43080851800990055
-0.50607825371171411
-0.58851820817615474
-0.62620861996079547
-0.66628318208100934
-0.71551357388724091
-0.76399312957679411
-0.80610221061964138
-0.87328626019677813
-0.90779111496527942
-0.91037316457741557
-0.91408106398859401
-0.91579443322090137
-0.87900773443627933
-0.87396408804725068
-0.82976801157397961
-0.76803057794318064
-0.7050436825126265
-0.7610320412878514
-0.80149409966505358
-0.85420614445234011
-0.85576744500222179
-0.89744207389165476
-0.91577733965613517
-0.94041413575699195
-0.9315557303013049
-0.89201661930326925
-0.80206316450757553
-0.70487579263141065
-0.78647586330489583
-0.87302006142908251
-0.95723714893291989
-1.005668114536413
-1.0228195962771478
-0.99727129411977544
-0.96496049237728065
-0.92677164673439083
-0.8542892260421987
-0.80422070124726952
-0.72332640622022559
-0.69017544981922352
-0.69868598798360448
-0.66487349356110637
-0.59256422440495826
-0.66762546028923964
-0.72871108315393895
-0.74707338386178856
-0.72010134578270868
-0.67295293429758918
-0.61715339958941362
-0.58038837062858972
-0.52179632898122486
-0.42583119706607503
-0.35341482044167688
-0.25931254522720093
-0.23883242271599445
-0.23835429099499564
-0.19356512185394936
-0.087727706194892965
0.044288017683441365
0.087877752697248471
0.16884050267724204
0.17855412542986221
0.1115015787480727
0.040801609847638975
-0.03045125177990491
-0.050580869986378785
-0.028725752391310134
0.034772445758277676
-0.0079257409564149738
-0.011172336966812118
-0.019596189195559152
0.011981317750804001
0.015792784849551947
0.071889810985482638
0.12940477900094297
0.13774725348785244
0.20608769472726643
0.28141724567984339
0.19932303313838884
0.10786223639220983
0.059832336162059969
-0.00018906498232690956
-0.046976245445588531
-0.041815988570086907
-0.024838877788823363
-0.0918027667699155
-0.12863954857048451
-0.13985381100842448
-0.11916785890005022
-0.13014122558701618
-0.15896468583760306
-0.16042805013488917
-0.17461250108755308
-0.15101918497179703
-0.11833877653408784
-0.11985861910883402
-0.13949410570051241
-0.12663174098529648
-0.11571700827435427
-0.065043463132793411
-0.16440497983837551
-0.21930293293975764
-0.22612822823578041
-0.2097078809378809
-0.26507108522902029
-0.28013316235479246
-0.25086991138776987
-0.21749862029646053
-0.19649129579029873
-0.24424929769984915
-0.27524527209672883
-0.26167712934533438
-0.27650098114141858
-0.30159886260161695
-0.28298221913707383
-0.29221836726957773
-0.23730321723099518
-0.14890703447817488
-0.20549419422410334
-0.2700294082077076
-0.3255941680547661
-0.34689570672709236
-0.35965820340871646
-0.3269868679846219
-0.26124416509178389
-0.1530381651377935
-0.084152448448220174
-0.015582997900094903
-0.020261742850566374
0.012541014341347287
0.058049537925048397
0.13069148962970228
0.053882532727637392
-0.0093029697586832581
-0.066932795669317494
-0.089561755552060751
-0.086731642905363407
-0.0504853282068876
0.034012547429851762
0.017138439190697196
-0.00071284355852859371
-0.049592700950974386
-0.050422685345454146
0.0055145866431060104
0.10366697845576575
0.096730565162154294
0.12258407352511505
0.10400581146566679
0.11119627910330138
-0.041792193376994705
-0.13891630167117472
-0.19466460112025072
-0.24194273204865485
-0.25001293512446021
-0.32301799525677871
-0.34034976112993853
-0.31357592722857047
-0.30688613572934609
-0.35365353038919278
-0.43036839329880744
-0.45859761388656251
-0.53344667439237081
-0.56235635722527944
-0.55821130389278306
-0.55118957752490216
-0.51885594530963319
-0.4722666453042248
-0.40820757734559843
-0.35626361877866147
-0.33936572206648202
-0.31036527386872365
-0.26602555882615386
-0.24841647400198133
-0.17683562104170278
-0.15218000188706921
-0.14600947698960792
-0.085024141472668013
0.0028869009822935464
0.14264366466186629
0.18480695841276235
0.15710176112260435
0.11735121456285004
0.036584359872174121
-0.056060701738002969
-0.10189934884580741
-0.13916826998135373
-0.17573223455096371
-0.16968170811811101
-0.1896259351258896
-0.2174698620785781
-0.19639134163676034
-0.16552748415252413
-0.13271845482008668
-0.1260359491526476
-0.10662187494161017
-0.1723049058816804
-0.19439178802993104
-0.19765959612687634
-0.3209586994938326
-0.42670746458940267
-0.5079994380095133
-0.55079182528982329
-0.63372880477779436
-0.67168505110171128
-0.67589361967117689
-0.64669230869151195
-0.58937375712603257
-0.49179405812558591
-0.54341557702332954
-0.67481241800910052
-0.75677746753149544
-0.79925698836505477
-0.79913003485870793
-0.87144047209094433
-0.97897317233841241
-1.0409795901830481
-1.0676065189157273
-1.0985946272387284
-1.1659703197992757
-1.2187054215381024
-1.2461675901230316
-1.2470747312220045
-1.2278276348165424
-1.278332906365921
-1.3205997937263529
-1.326552824711094
-1.3014747849690196
-1.289081385633188
-1.2562394072141541
-1.220810800963819
-1.1697862609880834
-1.111652703262128
-1.0654023431261774
-1.0928282729566965
-1.1235457763641801
-1.1169185064247051
-1.1757811808875056
-1.1906362703354831
-1.1985025862178278
-1.2044134659273149
-1.1771689321633059
-1.1164831391763919
-1.0345192800322858
-1.0381175033805925
-1.0192837551299498
-0.96099434178791099
-0.86349900993456719
-0.72853270635816625
-0.5614649081387213
-0.39344416753656369
-0.20294126295840834
-0.013899296731550229
0.1830454379358884
0.22748878837083963
0.15752957153835861
0.11217751679645854
0.042844360167663749
0.014578780766762335
0.034634280532686378
0.089764356783112176
0.11738249175328683
0.099547589213763998
0.12821550774868201
0.16882579387037147
0.17009600458744595
0.12276558674443097
-0.037375876726712089
-0.1841391924594096
-0.28646860375347077
-0.39878976779773057
-0.4749673456941243
-0.5104409510821678
-0.50721384105568612
-0.46605087964093889
-0.37640573011865536
-0.24300588255165612
-0.23815185371869452
-0.30180758876958236
-0.32412960560303278
-0.29589302967779801
-0.31371798237397913
-0.40767429987978587
-0.51004422927673698
-0.56612012619873719
-0.58949619633081685
-0.69047124380907265
-0.7505471296235795
-0.7665207195775674
-0.76379192628495451
-0.71671063650484712
-0.62839113930486157
-0.51759387317151773
-0.41415541692752006
-0.41765926974517215
-0.43551852591572371
-1.1446557361492833
0.29410390531238717
-0.33711095078127923
