-0.86050523851628236
0.84914384000454657
0.32480584517040173
-0.7990520945187245
-0.9551145515482109
-1.0775584492789891
-1.140386700489618
-1.1563346255259495
-1.1216762447670747
-1.0261607003633828
-0.88429780743410824
-0.66763187912220023
-0.76593908139882261
-0.80651504608949898
-0.76489805911964126
-0.79728130168771938
-0.80161403319575797
-0.72995091830685466
-0.70876316406660289
-0.80485076515284404
-0.82304280030973953
-0.89377110831506434
-0.96418846622545207
-0.98978322916175387
-0.97288377504810819
-0.93153623377539319
-0.97498810302967931
-1.0930949535076098
-1.2343849096278514
-1.2991337529069762
-1.3105996523030758
-1.2920555248405268
-1.3470332794758746
-1.4320274374125566
-1.4929858261037301
-1.5732386196416881
-1.6145219206892012
-1.6576947169633685
-1.6804898266724837
-1.6534181566982371
-1.6494688863457454
-1.5997625908779645
-1.6624695193841295
-1.7141464477556716
-1.7183529620217821
-1.7440094178410757
-1.7371460535187608
-1.7370789328102372
-1.7400029281149885
-1.7043979853027535
-1.6212932477134978
-1.5226863291646282
-1.425785649172322
-1.2925673319751536
-1.1228699208622832
-0.98342573021586299
-1.0340563518621941
-1.045809972720193
-0.99474842386072748
-0.90016867427515901
-0.80050719616788257
-0.8321054809620676
-0.91773561366580392
-1.0474688546704756
-1.1331395860286935
-1.2294305906214931
-1.2700330423385611
-1.2662675899252036
-1.270582887622776
-1.2165286364917309
-1.1502136352984031
-1.1233589421260997
-1.0726292087656744
-1.0591195890550769
-0.99041913439788121
-1.0549780183899768
-1.1987260330813985
-1.2934837666019656
-1.3452716142014163
-1.3452401502982685
-1.3275545836008686
-1.362050755016385
-1.4636462134453163
-1.5257041075726263
-1.6117894036193054
-1.6601125068584388
-1.6762661588977243
-1.6764154550099408
-1.6388197834931306
-1.6542843582516606
-1.6292011370948132
-1.5664267344683918
-1.4549186607798135
-1.4126860254373717
-1.3560964247846077
-1.2441564115130732
-1.2673733314208131
-1.2498164747086826
-1.179571766506667
-1.0578710132625002
-0.879138319539992
-0.86372278315226947
-0.93139103925034938
-0.96968904741707374
-0.92641410752043718
-1.1190953310719121
-1.2712717204779311
-1.4247388306649629
-1.5236123308276228
-1.5651194847163439
-1.5884006347078865
-1.5611240996095477
-1.6467060645155287
-1.6969840884656799
-1.721148282043131
-1.7034455953828467
-1.703968750943416
-1.6693201827924122
-1.6331058463222985
-1.6604466016507187
-1.6515757953775037
-1.6241925373510409
-1.5706981635653483
-1.531012265732405
-1.4446869983763202
-1.3075097850879873
-1.2493756034984151
-1.3054408564689124
-1.3035660258653279
-1.2874513443786459
-1.2174282166105828
-1.0969692143196736
-0.97012007575790848
-0.77373924348859269
-0.5938510667503839
-0.33481387902729709
-0.46739925954135558
-0.50843514133378065
-0.47696746020627123
-0.40219696935470084
-0.3423899173674313
-0.36462623028738633
-0.51463295725539482
-0.61519289758596529
-0.64008862900370544
-0.61126890682906088
-0.5207793576254911
-0.57747266618794302
-0.70223606897194757
-0.82563178241527924
-0.91535269897013649
-1.004603831380541
-1.0565920577780192
-1.0685547474358681
-1.1031368138365369
-1.0864734442823238
-0.98971539186085167
-1.0181459945416076
-0.96970923093506545
-0.861439893029049
-0.72567267197862173
-0.71706215243962679
-0.68324994953767915
-0.72016652762422018
-0.76730452428845397
-0.76551238035898606
-0.70772032181570654
-0.59254762836057084
-0.47315113285783389
-0.28293520071997019
-0.32890000167317346
-0.41404695545249254
-0.47316728704014127
-0.5942430753440664
-0.6736903509915777
-0.74443291673843481
-0.80135527828101105
-0.86044436144672842
-0.86540312259431584
-0.97628926663943383
-1.016073485030597
-0.99290675603832845
-0.99316456173426315
-0.94337913613947089
-0.86251802168220504
-0.71663357136192929
-0.56402497591284806
-0.33887128668862698
-0.046403595000771139
0.21923356902452004
-0.011951617329412542
-0.14103038596845413
-0.20721564937357301
-0.29186685945543445
-0.32559961123978698
-0.28765670163514451
-0.42296110073060095
-0.48376196671257654
-0.52194595349758321
-0.54091758396116074
-0.70607474330762476
-0.82338517760893393
-0.93759926680483396
-1.0013752274028527
-1.0482128185292365
-1.1116279295986016
-1.2216071131404123
-1.3314760805224031
-1.4325354949011955
-1.4920918538969894
-1.5114445643308339
-1.5323969632170749
-1.5141571906925408
-1.4568447263408166
-1.3812396749356401
-1.2890349796518568
-1.2325811176975903
-1.1721024413800019
-1.2561172735548254
-1.2814393431269917
-1.255469078082774
-1.1746648720461956
-1.0463215958329228
-0.99142690629716268
-0.97603282058761553
-0.9284903467095964
-0.90098857358755036
-0.78743397613801946
-0.61876082747676731
-0.69502882943167377
-0.79609250405359366
-0.84322293897345812
-0.84007814383053248
-0.80502409364185346
-0.89276789867108486
-1.0023232294426654
-1.1011847743678467
-1.1300696874693057
-1.1089626864306925
-1.0618955684263716
-1.0966159211583384
-1.0732931076184236
-1.0332689108565449
-0.97137548504584093
-0.87800934764571892
-0.78261878685533792
-0.8979696474237866
-0.99624709215161689
-1.1117727882706854
-1.1540614276025432
-1.239950171154933
-1.3063158848161653
-1.3367175159353457
-1.3007711669574924
-1.225459276516186
-1.094716494797755
-0.93240763978919372
-1.0461124811748554
-1.1000294774448796
-1.1190664196543498
-1.1010577406088955
-1.0437696845074287
-0.95242948341718303
-0.90623008085491852
-0.83937973535752819
-0.73177738380433899
-0.62574874661424729
-0.51533376919569673
-0.56529972591620392
-0.68188520940895825
-0.73292109192104826
-0.70936120342244124
-0.83757931047322298
-0.92245997803858426
-0.94789087944084116
-0.91611737375280489
-0.86452657357581375
-0.80501784948457511
-0.8040503371790132
-0.79190648422209298
-0.71399427785229741
-0.70287786134543506
-0.6398938595714484
-0.60817090517926031
-0.61716648574160471
-0.55583019493270625
-0.40798976365608891
-0.28744730826044762
-0.21483336945784734
-0.072644382478706762
0.03115663494391982
-0.041145312887765476
-0.020088299281568942
-0.06830582852041342
-0.19235117989773751
-0.22982863153273547
-0.21785272669498934
-0.30593717337229648
-0.31710924069532737
-0.40241517024425733
-0.41618674577613179
-0.42823313523143147
-0.35450371081268267
-0.27658016212701575
-0.25376529435252548
-0.12805155107315919
-0.055875614692958007
-0.17224735779254208
-0.22969836351289358
-0.2482775735321236
-0.33500320619729651
-0.36495434415281947
-0.31386405798055639
-0.19663015803389511
-0.3803254096102397
-0.47204264744908497
-0.52146640835500857
-0.51220058123399637
-0.48201897637239582
-0.53275206543887765
-0.5346409938109915
-0.64151446991875083
-0.67400112041259996
-0.71955159924741785
-0.70485959103455609
-0.70691180504834616
-0.77111005673812827
-0.79207469923030871
-0.75525362270185514
-0.80052139626752805
-0.77206888163234422
-0.68294908179784952
-0.59365999855620422
-0.60762296964884188
-0.58046094445103547
-0.58595839222813106
-0.53160351415111573
-0.48341555000031272
-0.56692563817242281
-0.60114732323056341
-0.5581420965126751
-0.55257815661302556
-0.67469283877412789
-0.73140522957818943
-0.74218988738792002
-0.66710251624157724
-0.52163886748567401
-0.61138371219976184
-0.65244855709325122
-0.78546022499988577
-0.87361103832642861
-0.92103007167083406
-0.90563381091828166
-0.83847411918074533
-0.70079514710309465
-0.57481333076386854
-0.44928154754254196
-0.45755899073194128
-0.38270403620980664
-0.25408613668134
-0.065905014210701787
-0.14328290216655404
-0.22732486112033012
-0.36566908735223519
-0.46252348541233418
-0.47182401361187726
-0.42192919049741728
-0.34523454102487633
-0.43292957652925707
-0.50136163639161335
-0.5242396299692994
-0.47672062296953932
-0.39028854698024773
-0.25127340601036241
-0.24068194389362901
-0.13794611683695115
-0.11551841408388414
-0.12459659991623391
-0.28186218494487225
-0.35138507653117768
-0.39990426748194724
-0.48492221395183249
-0.56380355015551786
-0.70762992238533162
-0.77878191603034086
-0.79975547391180191
-0.84297605016864374
-0.90585613402034615
-0.99517753373803297
-1.029497224038096
-1.0182854266792363
-0.95070713841579946
-0.82803248945529118
-0.8195018294096188
-0.75964884142207267
-0.69209037156315578
-0.59126530330361327
-0.58293047847290325
-0.67802339180583449
-0.70357702503937858
-0.67014873793369412
-0.66006097506668926
-0.56895576221104516
-0.50054111577636029
-0.39280769087035361
-0.20046104162327669
-0.066259150652808907
0.10342276931216844
0.095527372247295225
-0.028953562276087898
-0.07488466263014848
-0.25195315914116795
-0.35706051114972243
-0.44522126817475977
-0.47544451168811919
-0.42894646475236109
-0.38265562054595875
-0.45439000732899371
-0.55540991807744333
-0.60711551137616226
-0.66247334278139447
-0.64075669458802897
-0.62868109804938388
-0.55105922102655958
-0.61382266248672523
-0.61090236204162374
-0.54321755208176603
-0.68452522411536931
-0.85461291321833643
-1.0000460116876926
-1.0792173653151909
-1.1748812872676995
-1.2152898935686516
-1.2248189540311687
-1.2281616303035485
-1.178285763473957
-1.0711732607223869
-1.0393941107193498
-1.0829792769044195
-1.0770378261771256
-1.0262134060027808
-0.90748790656798795
-1.0140823614327101
-1.1651169807410602
-1.264280557279206
-1.3326325942073285
-1.3519549290907951
-1.4011806592590876
-1.396667243865406
-1.3810821767096215
-1.3412495285799133
-1.2669732191302454
-1.2805827857823029
-1.2810274862040401
-1.3382445366983877
-1.3535976397999223
-1.3173785167054597
-1.2546268043930333
-1.1891859384856214
-1.1292534767839937
-1.0314667890720757
-1.0302150755435331
-1.0511595863877288
-1.042401226264982
-0.98062461007506485
-1.1161459454520395
-1.200712757796407
-1.2338233505514815
-1.2687929956528841
-1.2565458464070991
-1.2004122070131888
-1.104799733956227
-1.1827685526659812
-1.2086480849765275
-1.1868489576527996
-1.1152177124543119
-0.98572604276110498
-0.8708977279961253
-0.72201934310618499
-0.51434773866363481
-0.33086485970347917
-0.092259549278849509
-0.068935621381882098
-0.12037817754317982
-0.26141789956168904
-0.35751412557976175
-0.45932298107055125
-0.49174273506435651
-0.46753541571237339
-0.49455559266285748
-0.55787068253426342
-0.55509359378993506
-0.48392281758898437
-0.41742339479889401
-0.38165037855324696
-0.45988569783774652
-0.48042030112477113
-0.61267057767026878
-0.66812008664265488
-0.70702828339782064
-0.77346119838550298
-0.83801362933636514
-0.85993367115439179
-0.80642061598776738
-0.68604431053506987
-0.60442846154179697
-0.70514150048838731
-0.73842053707584465
-0.71496328404834875
-0.72110540787831845
-0.80844835000784054
-0.94356781889208097
-1.0076340512016457
-1.0608856177129147
-1.1436416998678951
-1.1755110010755876
-1.1459330976580095
-1.078884973283291
-0.96614706452736021
-0.82891236262986023
-0.72678741842467365
-0.55996520405518591
-0.64031898711349389
-0.69230023047755773
-1.6563980547090473
0.36579209279787411
-0.6272615482322913
