-0.83241181682429211
0.86535745349157467
0.2979399489572731
-0.93247788689227218
-1.0454154333070149
-1.1180119118346579
-1.1349485131073966
-1.1274879402733951
-1.0883764276212808
-1.002340111862442
-0.87919235645688032
-0.6892254703528794
-0.76805897033681247
-0.79290531970576539
-0.77313427868128204
-0.82465206496289312
-0.87837014155499826
-0.86919173868426924
-0.90079272651585118
-0.92449452156440748
-0.8892481450656522
-0.88148978743006012
-0.90127488367997943
-0.89569948816480771
-0.85460729668810742
-0.83701985426330228
-0.86706181988010955
-0.97181619007003706
-1.1144672820555608
-1.1883495874514032
-1.2224162192726842
-1.2499352377076642
-1.3192106387117655
-1.3988780910919163
-1.4679998380991839
-1.5357377250725421
-1.5894218507303943
-1.6347847794064305
-1.6564827053927067
-1.6347248303410453
-1.591118261134407
-1.5039961346610187
-1.5638698567711908
-1.6050791306317935
-1.6122929532755972
-1.5940815648327435
-1.5560122410036612
-1.5953967043561137
-1.6062987419643051
-1.5819599239194271
-1.5182193245192213
-1.4341183818771979
-1.3562698090375043
-1.2397358617022696
-1.0833786312645342
-0.92320988479230781
-0.97346609122079275
-1.0138876361673184
-0.99707101418139499
-0.95545234117164557
-0.88093566517151733
-0.90137778704456128
-0.99180418238444756
-1.0836820888692245
-1.1604341499696467
-1.2426659569958112
-1.2696824269614015
-1.2800073888672752
-1.2873713833580724
-1.2502356717442205
-1.2255536893470576
-1.2196802542767879
-1.2135042875012942
-1.2058169327470973
-1.1529552803875751
-1.190700231206945
-1.3346256879000467
-1.4465220056462869
-1.5188888767145301
-1.5535891552042604
-1.5846382762177058
-1.6099028022179707
-1.6755774899330202
-1.7070027040925468
-1.7367517230385376
-1.7362507928486601
-1.6958020152828759
-1.6747504361601924
-1.6197556818804342
-1.6291071259772054
-1.6007597792273303
-1.5413239649151502
-1.4589206253733726
-1.4556311093263996
-1.4146247856957628
-1.321450318223736
-1.3240405840293366
-1.2897136671880753
-1.2139754486125578
-1.1045076383564432
-0.95200867996140393
-0.91357621724094951
-0.94523497701081294
-0.97062005138378271
-0.92908876961207654
-1.0785062195250841
-1.1889333362776751
-1.3230706247103687
-1.4107033657185484
-1.4429584364036112
-1.4656700654072097
-1.4441917875792438
-1.4937201370786573
-1.5133762236517558
-1.5127110807983297
-1.4749651167348536
-1.4837768509540177
-1.4700058362671384
-1.4475299949373939
-1.5034454827716766
-1.5238011111373297
-1.5145648587072795
-1.4840479535026108
-1.448086613942275
-1.3779072880466121
-1.2623837770804942
-1.209947244448428
-1.2285421034594592
-1.195717383488395
-1.1745177070512534
-1.101202779868844
-0.98305105302116291
-0.87409621563343498
-0.70598350743112515
-0.53468153023504938
-0.29817798480152041
-0.4120413406693248
-0.45344207881149468
-0.43213396760889361
-0.39434123271557259
-0.35759829019096456
-0.3771444243065698
-0.50724043264171936
-0.58947788489402897
-0.6146407124791321
-0.5956216138153666
-0.53226121106663993
-0.58671017544599702
-0.69147283908033264
-0.80505166171467712
-0.8906407289418462
-0.96362753681306046
-1.006620375515771
-1.0110626165873848
-1.0430230790960644
-1.0292459368306273
-0.95079705747095966
-0.9754688864297193
-0.93455052389967008
-0.8429367283951027
-0.74690209222352011
-0.73609698413479674
-0.69499619880947072
-0.71817727741067194
-0.75674672715018665
-0.75498926784161813
-0.70557221366735023
-0.61898918540106651
-0.52114817714601536
-0.36836466830372272
-0.40575482598297141
-0.47857786059796592
-0.53115758271589586
-0.63921258939725645
-0.71206277413305441
-0.7701309131075339
-0.8014709321371446
-0.83766750137731227
-0.83353076370897727
-0.91746867700607415
-0.94009148873736892
-0.90824551016819444
-0.89608745823125691
-0.84041318217549565
-0.75909643726629994
-0.62135564156885958
-0.47015636443871378
-0.26070753264698199
-0.0015429566150809762
0.21176182679319008
0.0086806714786805354
-0.11101929125775034
-0.18043562313776587
-0.26873307898742954
-0.31407649980978808
-0.29994451283626428
-0.44300861399475266
-0.516286311133342
-0.56108769656933488
-0.59186823465318505
-0.7337743272995858
-0.82376355210627705
-0.90480431571909081
-0.96444723472883731
-1.0170955892220273
-1.077717712094626
-1.1747678516573756
-1.2690280571159529
-1.3490561398011476
-1.4011439487731532
-1.4065055582044443
-1.4398486893987288
-1.4385821401142898
-1.400045806384649
-1.3345152804277793
-1.2483354537156757
-1.190816578647353
-1.1265147553474215
-1.2025694360459234
-1.2316068289320512
-1.2175745105942364
-1.1594609500022206
-1.0578701172918001
-1.0057775310734807
-0.98107172968259715
-0.91764776916464108
-0.87644907345792289
-0.76260394728248015
-0.60682560982207667
-0.66010747789834323
-0.75753414864421664
-0.80084266281429173
-0.80395417562639393
-0.78046383829573696
-0.8474872989571357
-0.93181274469162023
-1.0147646191424247
-1.0464744999919529
-1.038246103519197
-1.0208669641445556
-1.0596024827006463
-1.0460518832745638
-1.0194765410923781
-0.97432769815728082
-0.89903731478257831
-0.81297872865570264
-0.90446492079712171
-0.99280653683631159
-1.0947970807876666
-1.1360561674978271
-1.1950294312953165
-1.2443591376013239
-1.258799072848628
-1.2224223957512605
-1.1497767973249338
-1.0363987550925799
-0.89649102903932776
-1.005316284598694
-1.063032245554586
-1.0806977268928455
-1.0620485211025867
-1.0098247352611207
-0.92628354446188421
-0.86498939500929761
-0.80651317953220114
-0.71324767142064116
-0.62102775953749456
-0.51795359356025605
-0.53633939427248234
-0.62162349499308844
-0.6604217257462367
-0.64284715667918224
-0.73332429045824143
-0.81054834201655912
-0.83405150007951978
-0.80251143124030633
-0.76363781064638636
-0.72626378905636824
-0.74021347546005245
-0.7509673936885598
-0.70772381038396337
-0.72054893700022138
-0.68412031651379979
-0.65022263136967529
-0.6392927734064493
-0.57549663245716676
-0.43892434223286325
-0.31859185633422726
-0.24340952554402487
-0.11113601363408973
-0.034620255619950524
-0.07554849020981548
-0.040504170477658745
-0.073672109694507673
-0.17979922641957821
-0.19654642384681262
-0.17613079600232159
-0.27353976430559307
-0.30118655814593381
-0.37576768963707702
-0.39191844512938406
-0.40001145493607143
-0.3398478801494827
-0.25889983153938462
-0.22761760934974534
-0.11282137426419948
-0.05219168349317381
-0.15052034147229462
-0.21042993209999036
-0.22369757467507972
-0.30784479003322679
-0.34294123751078737
-0.30504058941561724
-0.2136472416517807
-0.37191017607955162
-0.45389103633285688
-0.49281849160688135
-0.48495459618343345
-0.45587560442884323
-0.51745951834708481
-0.5489942097009598
-0.61987959596563735
-0.65071053901594422
-0.68172474369385205
-0.66853067902984331
-0.66573154065991791
-0.71273616500972925
-0.73743557961398909
-0.70734449463030225
-0.73159503647660706
-0.71920626848603064
-0.65391018070017382
-0.57053597318305749
-0.58247632532955707
-0.55419095827954945
-0.55598427306525633
-0.5107956941117191
-0.49779185477410809
-0.56865919232738849
-0.58727562589919979
-0.53980293696384896
-0.52532934552107713
-0.61957897327863887
-0.66088077027089098
-0.66485035219005106
-0.6058969335619796
-0.48712900894423672
-0.57578312026817369
-0.63101761632543862
-0.74429607498107819
-0.81820240755600337
-0.85268202762512635
-0.83253064757960338
-0.77594813174473387
-0.65833892908544434
-0.54904026095644509
-0.4217592493863167
-0.41175911717885594
-0.32914680589828127
-0.20839969380682591
-0.044177539229695514
-0.10507594436878169
-0.19795584164201288
-0.30213407333470654
-0.37326199029933832
-0.37056284828750874
-0.31611366741960667
-0.23622629528329747
-0.3105698874130271
-0.38536393049275414
-0.42352157154568809
-0.39747377385132493
-0.3385725789535689
-0.23513795291400544
-0.21302227978257626
-0.11841680458624937
-0.11266345924859258
-0.12545992731293912
-0.27282611373430216
-0.34433168091110045
-0.37982081317009381
-0.46041044125790498
-0.5306820163488839
-0.66231435762792301
-0.73456871820461289
-0.76540010780465007
-0.7960467492027169
-0.8486833338662213
-0.92033803010448789
-0.94635132887355156
-0.92307787975526656
-0.86016391118891011
-0.75149154013763653
-0.74192635642374372
-0.68806106896067698
-0.63345612995358103
-0.56695513750909465
-0.5494756354504452
-0.63166128168000446
-0.64728967306475094
-0.61964293952037286
-0.58603474556620605
-0.48595564011782438
-0.42432719958784121
-0.34480518019929274
-0.19246192104202173
-0.073271198621143938
0.069368592245678568
0.067252153540425907
-0.043198069942082432
-0.094818588243593099
-0.23768232645526793
-0.32249287760747425
-0.40434710323244294
-0.43030339433752068
-0.4056014606893949
-0.38082560182099973
-0.43203374114467852
-0.50786685700636114
-0.55497082843514267
-0.58863963177122491
-0.56187715839657137
-0.56048662902477497
-0.50805962801891924
-0.58205459674839288
-0.59746697387359982
-0.55943614924045015
-0.67493949045926482
-0.83235222534328868
-0.98378458234081134
-1.0648850419477576
-1.1606154430242905
-1.2169821290774856
-1.2401422224744738
-1.2532437771912357
-1.2210504908111779
-1.1433610628357376
-1.1198650778727461
-1.1414512391078322
-1.1169087516445668
-1.052352277359875
-0.93538718152639111
-1.0080514065803403
-1.1364290274609685
-1.2163974516468772
-1.2864104467352013
-1.3307635919448881
-1.3704902665323544
-1.3630849649173287
-1.3437250704453272
-1.297764506982878
-1.241270373385799
-1.2019789746048775
-1.202894107561741
-1.2533371227806642
-1.2630364691952705
-1.2233349427119133
-1.171176355774366
-1.1315269892047108
-1.0739366752242254
-0.99125194495409097
-0.97193578866418917
-0.98169019364218935
-0.98290008546942742
-0.93775542572317416
-1.0565113456774136
-1.1287899904427188
-1.162902857568477
-1.1927077025477666
-1.1846058967944124
-1.1306568919254649
-1.0434668213205858
-1.0949969548210345
-1.1039926399822846
-1.0709370937689848
-1.0037391977278249
-0.88963724410405831
-0.78493741859760391
-0.64909470694634652
-0.4617864256614681
-0.28134880511727078
-0.062819931664539239
-0.039606589221354661
-0.082409943417006568
-0.2021506773874524
-0.27929558399307608
-0.36820111711779474
-0.4219345821225079
-0.41060026799355337
-0.41306639127319106
-0.44860778223668657
-0.42381564027409213
-0.34290247291731279
-0.2833928974791034
-0.26200293274447028
-0.34487109323630272
-0.37984957389845564
-0.49253319241733162
-0.53721634889539338
-0.58591387272629702
-0.66649943460111416
-0.73137656466362566
-0.76679144841584523
-0.73571824254454354
-0.64967623208481295
-0.61641281786856938
-0.69615181838434492
-0.73271465678833236
-0.7191987856693276
-0.73443107453217615
-0.82469668308632471
-0.92524053289431707
-0.97930185001981918
-1.0450602974734244
-1.1047002747597023
-1.1213943849617964
-1.0889200487354391
-1.0048992416029878
-0.91175291666338876
-0.80171670353779434
-0.71664902684414811
-0.57907303258010556
-0.64227132095831541
-0.70064852021181534
-1.6125638297580156
0.48865169894434302
-0.65129222392515529
