-0.78620260958363175
0.86343916698770784
0.29604182235188037
-0.73459974971580955
-0.86963623978683569
-0.95771454706691306
-0.99013233899667463
-0.99025735593084052
-0.97301591278473598
-0.90455382091248226
-0.78733014804173806
-0.60286042465160672
-0.68740415569470059
-0.72815087336150941
-0.69753193201599439
-0.67794287691554755
-0.71316410233983241
-0.68209821631215128
-0.76760713697999061
-0.86117587784309124
-0.8857614346351278
-0.97953631215600589
-1.0390292666147813
-1.0503451803473276
-1.0108764204715557
-0.9172431513318452
-0.98277972342396602
-1.1416646646984887
-1.2860782948542953
-1.3705972768441221
-1.4172491531491269
-1.4218245362936615
-1.4737887291432914
-1.5243237688099867
-1.5880748844332124
-1.6347064994992788
-1.6510996634477788
-1.6643048406502308
-1.6697918256935704
-1.6370704040001118
-1.6115147870561322
-1.5369985066807845
-1.6006270167909393
-1.6439665904937599
-1.6419171359116356
-1.6481888255417292
-1.6361043382880611
-1.6482805966681926
-1.6684628479833836
-1.6483719818066986
-1.5900918684303336
-1.513698585374432
-1.4473277924296373
-1.3572896129424905
-1.2471876667785646
-1.1516890370591724
-1.1742943385162854
-1.162671374931993
-1.1071262607690304
-1.0305382956212301
-0.98467806105865008
-1.025792649377389
-1.0816097497997621
-1.1713146419258469
-1.2124803435556994
-1.2942976567365805
-1.3226905444933568
-1.3175502497391314
-1.3053973691161229
-1.2547469858630604
-1.2413372150642008
-1.2349835400981484
-1.1937987992158385
-1.1532109480595105
-1.0661227298312179
-1.0897566453092786
-1.1687723849945888
-1.2065710064052551
-1.2696675166033808
-1.2784325393312026
-1.2601189865104656
-1.2574891799099108
-1.3349017658668221
-1.3794669055343078
-1.4089467624416536
-1.4009299314872903
-1.4238448533203116
-1.3984686386098606
-1.4294466120687355
-1.4233350442288428
-1.3726170271994989
-1.2948434332745429
-1.1656573870812947
-1.0905673312185424
-1.0084094741192755
-0.88573998818442712
-0.9025154962076769
-0.92238803798522651
-0.91142199809573654
-0.83973799797924065
-0.71799123960899014
-0.71714238739972291
-0.77475043605699256
-0.83318810209508576
-0.87292532529920652
-1.0179159348500655
-1.1859873745929308
-1.3050060653226365
-1.3906459016458312
-1.4346432604103823
-1.4496965028775093
-1.4442089525141388
-1.5545082595055186
-1.6233903416954285
-1.6782506379963305
-1.713122703846401
-1.7313124581164472
-1.7148429890058234
-1.6793678534517316
-1.6423572517585285
-1.5752547067180831
-1.4780904628088605
-1.4133501785068121
-1.372092728891334
-1.2922597478644504
-1.1646294616828516
-1.13830307208619
-1.1942336157479181
-1.19770254563684
-1.1922406899455174
-1.1416081240828322
-1.0491347539380194
-0.92615702603466299
-0.74470153511462811
-0.58315193076845795
-0.37006521795946984
-0.48409202317471084
-0.52185309569232696
-0.49788603672446552
-0.43454166499061703
-0.38640116696740084
-0.39930561794379665
-0.50866918180396159
-0.56732007418529551
-0.55922694732296341
-0.52960980299075688
-0.46450077053996025
-0.54257035114145014
-0.64810539552578683
-0.76616871534669051
-0.85386434708327819
-0.93074695914841932
-0.97361662336241184
-0.98542971726363016
-1.0128752180660183
-0.98375969407237207
-0.90744933790288462
-0.89764581547225319
-0.83520620134105727
-0.7371818447887597
-0.59488497551129982
-0.63162248014556233
-0.6092695868161907
-0.64835524001024136
-0.67706860606757102
-0.68276213757137039
-0.64127499339930016
-0.54482752547339786
-0.44012140884814205
-0.27257997433268533
-0.31756651402844177
-0.39959710613726163
-0.4572115771002766
-0.5653923103266183
-0.6366894703249707
-0.70106565761778505
-0.75033982879716254
-0.79967860169885174
-0.80109135408201759
-0.8899175167234562
-0.91806991627535695
-0.90590413690198002
-0.88832903922045037
-0.82579934443766922
-0.76472017046361573
-0.64620421754159485
-0.50880187064957649
-0.31298030277638772
-0.054447124076605638
0.18327009271549219
-0.0090468100517294408
-0.11508399750780932
-0.14870920177144287
-0.21546799438725206
-0.2484617662118605
-0.22390838786103631
-0.31542039811659817
-0.34477961861383477
-0.36437771785544393
-0.39100456570266673
-0.54097513122419338
-0.64737234221505979
-0.78796724929660389
-0.87196476302010695
-0.97419495260473354
-1.0669549604786928
-1.1555320640280524
-1.2212660505541313
-1.2904618319177776
-1.3205404997778107
-1.3082343852159293
-1.2826574293735322
-1.2342199297377781
-1.1735754890778309
-1.0694051618935707
-0.98394440684773632
-0.97656912184575595
-0.95594989398558317
-1.0478551067470625
-1.087349077297286
-1.0770040845295918
-1.0297316058437755
-0.94909691327453705
-0.89599639762891936
-0.8737809996720115
-0.8425382577073709
-0.84508185916745682
-0.77781884711440374
-0.66072384021113306
-0.73089813755512623
-0.80994109106092194
-0.83016588283566095
-0.82018418931117243
-0.77595248587933741
-0.8448661495281371
-0.9109356324320057
-0.96824503077918911
-0.96571738000633656
-0.92478131276060138
-0.86112214385391705
-0.8910446230149176
-0.87386383282103253
-0.84006235521167771
-0.80661954123742707
-0.73741686040196641
-0.66800042163172646
-0.75781130327899349
-0.84383963762804959
-0.94857197930245185
-0.99279054281506374
-1.0678699841380068
-1.1258255330790157
-1.156741000897475
-1.1320185939885976
-1.0726318019524257
-0.99298403744409447
-0.88141539529474477
-0.98504371122927059
-1.0420884946948206
-1.0538720930054148
-1.0317653046454125
-0.98158756715194762
-0.91695082897464841
-0.88767831517406648
-0.82394565507076756
-0.7278977862608853
-0.62708957285082412
-0.53409541785824421
-0.57065661547629698
-0.66256628288215136
-0.69653269861650946
-0.67158969868421181
-0.77945552531683826
-0.85311269005816404
-0.8681819719004461
-0.83872230564969852
-0.80399116675099158
-0.78071624057638522
-0.79652307041452408
-0.77449121331458781
-0.70092210123209475
-0.66803074579855115
-0.60149249432316587
-0.57090617759821038
-0.57542639034171272
-0.51852130558857124
-0.39539933211612904
-0.3101740824785717
-0.24791014272918918
-0.12659684738444718
-0.026252876401752511
-0.078815458128682236
-0.066353196395630407
-0.10935738006005258
-0.20282902694190372
-0.22796120474650414
-0.2189472558400658
-0.28926343716346681
-0.29626726861150415
-0.37708139406103958
-0.40024189811512234
-0.41803436369031088
-0.36651310232907097
-0.29254448963531121
-0.26301332217749512
-0.14817307227112386
-0.093987405936742832
-0.19684920801084185
-0.24399758369248462
-0.25716116891191432
-0.3186643600686625
-0.3320853397163635
-0.276566842300766
-0.15488452806697389
-0.30531051408953719
-0.38506740811700724
-0.40638828344896172
-0.39519305876424637
-0.39033937107175004
-0.44025571958557025
-0.4559403461888728
-0.5361896375186852
-0.55416259523464961
-0.57070655540549287
-0.55847978756116246
-0.52897503622455944
-0.56096629943042253
-0.57092895130859289
-0.52763870078383202
-0.59911165504564723
-0.60688208277194189
-0.56018756089065824
-0.48359077319183419
-0.50161445535266613
-0.47328253131647191
-0.50451029648824941
-0.47386828529029396
-0.44523190762374248
-0.49218005372437157
-0.50676687325205383
-0.45376490788196294
-0.41564605395315896
-0.51186531517779155
-0.56929468859005095
-0.60034739402504633
-0.555921395845696
-0.45470818638329374
-0.52436761770633267
-0.52366863260657937
-0.66292213459952842
-0.76194789090090287
-0.80667847470294496
-0.80165923949758777
-0.75056744096420269
-0.63470505833770352
-0.51004813541593519
-0.4023870300224654
-0.43246400495117127
-0.3924578703449228
-0.29515128947351221
-0.15298883433421431
-0.20597769136653352
-0.26709096645916314
-0.37255956737200535
-0.44459660140642226
-0.44526118070409626
-0.4204199484272344
-0.36775841795028857
-0.4522786105846639
-0.49962094705408955
-0.50966977890503007
-0.46280837988164558
-0.38546158722105145
-0.27874234372787698
-0.26793270461353685
-0.1789551499866929
-0.13630219517631026
-0.14812420791769684
-0.23736161077160245
-0.26495569923092688
-0.31534344901048744
-0.41207054990218334
-0.46396908334287962
-0.57036931778827349
-0.61619007979015161
-0.64046525753564354
-0.67421801486990918
-0.7437435780733086
-0.79541441996783324
-0.80687766784603565
-0.76102105696041145
-0.6577944868487291
-0.52936979131129236
-0.52796047481364994
-0.47906703543883233
-0.47652276429570256
-0.45619241475042943
-0.39952495521478382
-0.46085845398985481
-0.47600641536437699
-0.45000377981149697
-0.41033650900283719
-0.31847414622009523
-0.28222935961813506
-0.18486621064594916
-0.018907906167230041
0.1143176907522807
0.25949902982612955
0.2047008729563507
0.064110098782089647
-0.0046492682371528631
-0.16466283611062735
-0.25912260673996435
-0.32491755678067019
-0.35449834144756198
-0.32357762873702373
-0.28785491033056282
-0.274021920207139
-0.40600324722754438
-0.46661833820490506
-0.52033136726610263
-0.50800373590256231
-0.48497464354773856
-0.41944332453242894
-0.45494717519671996
-0.42054587377045133
-0.33775766995664075
-0.31555585508268674
-0.46860303156205463
-0.59487576980014167
-0.72511027865190125
-0.87235487403426004
-0.9631811799541139
-1.0337677225187694
-1.0589196574462503
-1.0397506651955106
-0.9886658205467711
-1.0230320619901754
-1.0780856165105934
-1.094245309119019
-1.0596959143731184
-0.97342448103542445
-1.058314808145244
-1.1740424314414886
-1.250292040619692
-1.3039580435590454
-1.3336015106780972
-1.3661505506155285
-1.349419915966499
-1.3139002081895697
-1.2623305029003646
-1.1864480494879064
-1.213606731231246
-1.2287175461283721
-1.2767072797897732
-1.2832182359454243
-1.2487971638955637
-1.1918284396427592
-1.1129103359484573
-1.0693509993717418
-0.97688016235541708
-1.0007182504426728
-1.0006405685109829
-0.97914266323722854
-0.92502696291241027
-1.0244568774184135
-1.0967635523700767
-1.1191412865197743
-1.145327860175956
-1.1301199062478839
-1.1024399813853616
-1.0210246946117394
-1.0632957909315615
-1.0799941033166156
-1.0610820970172903
-0.9997932076786088
-0.88762513155472045
-0.79213697076763367
-0.65604000620997505
-0.47781187918214851
-0.28812779108571374
-0.042749935703430789
-0.0197849388993422
-0.063734225802473427
-0.19517973779042155
-0.3092876837188121
-0.40688191241887994
-0.44675517304030066
-0.44232300429109528
-0.48181729865165512
-0.52820423225700164
-0.52932391770302256
-0.46756658158726294
-0.41822503079524098
-0.39863742723882023
-0.46377197196540049
-0.47026459221639916
-0.57760146441817573
-0.6162828345219834
-0.64897666039049684
-0.73250647632608012
-0.80311384109892159
-0.83026324817553721
-0.78508995148456495
-0.70089017193830105
-0.64131781467234517
-0.67751273086756325
-0.71991211663103938
-0.70780456895974508
-0.69956275441875693
-0.77905231431054101
-0.89269497073705639
-0.94646951276037716
-0.99874646222841756
-1.0591218892506153
-1.0859430930002647
-1.069955516415285
-1.0039424082456032
-0.89816479372406066
-0.78608277884765354
-0.69838492664995533
-0.55153318249082084
-0.61907384104802143
-0.65906423460877883
-1.4116251976805565
0.38607725403453935
-0.48261392267677539
