-0.84149504373343476
0.86167383793261276
0.31047432519571255
-0.76829036260296091
-0.89839090284692813
-1.0101797372302554
-1.0662756622580936
-1.0923545940812074
-1.0694765397864281
-0.99526497393634861
-0.88357975673089717
-0.70592342782550799
-0.77564961295469903
-0.80466803724019409
-0.7586623391739884
-0.76361407455761399
-0.75662591627847509
-0.67736924032682899
-0.64479791020952681
-0.74157027857994562
-0.7816805334882696
-0.87188807195646334
-0.95270474181095033
-0.98823309811336946
-0.99069419175640661
-1.0244213153992265
-1.07881145422166
-1.1929783609973441
-1.3248852058427574
-1.3901549419462045
-1.4104496981151899
-1.4521750727152778
-1.5166279915038587
-1.5684694379163939
-1.5752207906795253
-1.6561454143319363
-1.7071290864993831
-1.7527906846525567
-1.7701207525931733
-1.7798825563248253
-1.8133928815042213
-1.8078886525426707
-1.8622968829264921
-1.8933089403352497
-1.8806750946114177
-1.87502949552362
-1.8230030015162884
-1.7541330533952246
-1.6563364524078306
-1.6066457166746639
-1.5063291091142343
-1.4451229013034066
-1.358928759544195
-1.2695370110387414
-1.139274760848084
-1.0222189186329937
-1.0813599561102041
-1.1360441943822357
-1.141547548715242
-1.1036026087764605
-1.0468990328644057
-1.0224768112355469
-1.0257738852678036
-1.1202926074456065
-1.1940664227807154
-1.288491628244963
-1.3431844164965299
-1.3579591168442937
-1.37614496448768
-1.3346293075279378
-1.2642272048771046
-1.2537482462528275
-1.2105026319355403
-1.1631909276183992
-1.0651687415486695
-1.1470961302555833
-1.2638878284420263
-1.3375365358032694
-1.3757604749363601
-1.3637092722984463
-1.3337035020748573
-1.3610828874958343
-1.4413943216265912
-1.4816598238877676
-1.547081661753176
-1.5747904667619175
-1.5657897501475944
-1.5503663030979771
-1.5002148943924662
-1.525051322916124
-1.5051638560530483
-1.4515490774878634
-1.3395142708510486
-1.3194599116533783
-1.2502241604021735
-1.1214389346786042
-1.1542021765294916
-1.1529857485770363
-1.101359136839309
-0.99322751253737573
-0.83407250057336924
-0.86156149937850668
-0.93267174409571996
-0.95760072785689787
-0.90800361197120893
-1.0873096135875873
-1.2314333461268039
-1.3831995756302728
-1.4874718010247678
-1.5430135032461774
-1.5697330755742067
-1.5635123606907551
-1.5761754410270741
-1.5525795597371721
-1.5589083598240567
-1.5218191235924958
-1.4968775486721793
-1.4344754330281773
-1.3892660680483691
-1.421430209021145
-1.4104802442443061
-1.352556194557206
-1.3369820319368328
-1.2908723503084072
-1.199120808199287
-1.0727317424354657
-1.0242172458506382
-1.098193975063062
-1.1205180371640524
-1.1275476944316674
-1.0788528609785382
-0.9822643774470815
-0.88591066689565356
-0.71552292780849991
-0.54764584818218753
-0.30909092953682943
-0.4162989223670861
-0.44123945703227346
-0.39735357264448939
-0.31069890238901005
-0.26690544501105834
-0.30009120315770271
-0.450308448998616
-0.5565662686020364
-0.59320252084450764
-0.56543993482337918
-0.47595964680772362
-0.54439794883093628
-0.67801281727668083
-0.78260388816273929
-0.90164815877790461
-1.0200949408912636
-1.1085035340674034
-1.1424540637808074
-1.1496190318459381
-1.1056321523492325
-0.99215563443888899
-1.0183201955212766
-0.97701073895888046
-0.88769692419699864
-0.77060464665425632
-0.74212634384932541
-0.72091535366109194
-0.73455376779168302
-0.73466741498818633
-0.75460217397021567
-0.72686569199864337
-0.63710931027481821
-0.5355450726721398
-0.37071825210843434
-0.41015135214512061
-0.47531011628544245
-0.52033473376074824
-0.65728725390533116
-0.76478002230233999
-0.8397646183119003
-0.87556085093847569
-0.9165537568782739
-0.91139288656331363
-0.99948099424343995
-1.0225363198627657
-0.99325735544423366
-0.97535202270772048
-0.91376034840331954
-0.81606910086800144
-0.65931598605956165
-0.50027834531318882
-0.2773596804757445
0.017293599481759191
0.28095792438997524
0.08049056826489781
-0.033863890876143644
-0.089155347466346249
-0.18669828779401809
-0.25866917643769555
-0.2656102230719104
-0.40679706790173037
-0.48151713318437361
-0.53826337153747628
-0.57433710024842111
-0.72362160693970989
-0.82619806812614405
-0.91929786119106038
-0.97700278023315124
-1.0180952761218074
-1.0897246030714247
-1.2065708795216059
-1.3074534265925382
-1.3955740074688519
-1.4516744285069592
-1.4576979387425772
-1.454600914057552
-1.4449672309364046
-1.4004708538692354
-1.3140755116658243
-1.2277243683404451
-1.1804861709547312
-1.1283302772013613
-1.2171464181283616
-1.2503245540704082
-1.2275931040467394
-1.1656161659152418
-1.060752968852354
-0.99967054842367797
-0.9785553242135151
-0.91995849938835572
-0.89129351823014547
-0.78341875785243908
-0.6298449589223255
-0.69088008540143475
-0.79012822571153618
-0.83196789715113473
-0.83028056408223816
-0.80827930439492901
-0.88080177560034267
-0.98320776289828671
-1.0783194675180532
-1.1099950175737441
-1.0950906950433468
-1.0520454156549071
-1.0819298120048704
-1.0595406446318749
-1.01877993405016
-0.95179164060130506
-0.87238341388772933
-0.79624219372772065
-0.90631338747214041
-0.99477737448579273
-1.0978738316289145
-1.1332550784155155
-1.2151965371870834
-1.2738489813863569
-1.2952222436431124
-1.2621677417694985
-1.1905576391431125
-1.0704609377337917
-0.9141501315677335
-1.0055377364079623
-1.0469712128264208
-1.0578041990248164
-1.0373585237313079
-0.98172221194102394
-0.90340611532599879
-0.86453303023979688
-0.81078733118390223
-0.72123141648194822
-0.6348995325700818
-0.53965819206607002
-0.58934492285958828
-0.69407140367998454
-0.74506126927262206
-0.72969229847873618
-0.83756202548870151
-0.91405706014975308
-0.93349668192997826
-0.90129878307488742
-0.85677469632222947
-0.80223309077585303
-0.79533663466026905
-0.77804978152651916
-0.70069853981044816
-0.68653522880414775
-0.62687682471105222
-0.58973200229203004
-0.5951391491678153
-0.53804284148033832
-0.3988761435706028
-0.29505614181948486
-0.22162757735171598
-0.085252981244021975
0.014842273960009124
-0.053482487382935644
-0.036240553943585725
-0.080949711825521048
-0.17596573341580013
-0.19531088848706105
-0.17864159742786809
-0.25781672971307223
-0.27033127458312878
-0.34590332532349105
-0.35559425218951202
-0.37219948731194391
-0.31373789751356956
-0.24726510171243526
-0.22341880846662476
-0.10858677841054588
-0.05432194987013296
-0.16300630335850985
-0.20887798345328087
-0.22861500328351145
-0.30882057484895359
-0.34532247893249429
-0.30527993639568146
-0.20872388918331447
-0.38236772538554475
-0.47233307678417147
-0.51286958371425873
-0.50762911942203848
-0.46805821201734382
-0.51601879287737185
-0.51407289869548811
-0.6061727249606742
-0.63438367344993762
-0.66850857150273901
-0.65729219290211593
-0.64755589622803655
-0.70854724607460307
-0.72383758445086632
-0.68988464839877217
-0.73897655159189446
-0.7206725167743202
-0.64269372405500136
-0.5480064035893587
-0.54829760057502697
-0.51414555504840787
-0.5135864369377352
-0.46367206695421431
-0.4270330498827789
-0.485447985098024
-0.50032394610175568
-0.44406475546205187
-0.4297891295387487
-0.55161927533208999
-0.61442247123730787
-0.64340100577903347
-0.58841368036415387
-0.47176060294637795
-0.55144895315369613
-0.58060795384104102
-0.7049333664142633
-0.78862744626035464
-0.83408949718861158
-0.82252217643442294
-0.76438254998045951
-0.63602128318838513
-0.5184890799674905
-0.39739932386041643
-0.39661562517525373
-0.3275239541446589
-0.21779878354395329
-0.042246305945533899
-0.11737088563874667
-0.1747601011987758
-0.29630707309470289
-0.38728027895241179
-0.39387075285989076
-0.35225219970996385
-0.28308661744344527
-0.36341585843261909
-0.43064636922815125
-0.46743275051673733
-0.43827139133264637
-0.35960099456507338
-0.23227407699117686
-0.21343024574834538
-0.11943689416196443
-0.10106167276131775
-0.10173062897358123
-0.25639370702015568
-0.3255512722442489
-0.38524512435961861
-0.47518256479877996
-0.54785905435763593
-0.68027501370259835
-0.75058303401480531
-0.7754330635769765
-0.8248062349673051
-0.8827773098354168
-0.96901180951478905
-1.0056511819197278
-0.99590983812357692
-0.93404909306339412
-0.82138357033140397
-0.80034145590895411
-0.7372143125279409
-0.67474362003505683
-0.58588826702083341
-0.56915969503975916
-0.65417590080498222
-0.67270721041935511
-0.63960470935083524
-0.61708910521808436
-0.5211473916329179
-0.45382704362918364
-0.35283512402038741
-0.17483903493785849
-0.044831834104900548
0.11406102739530549
0.10754234081916038
-0.011389403056293348
-0.061900129505880412
-0.2289443946479682
-0.33110001188897831
-0.41010621481416115
-0.44335030074940229
-0.40776901620889983
-0.36869571339859436
-0.42905885871089766
-0.52764345207262042
-0.58046102521020215
-0.64006404297113761
-0.62724853216891407
-0.61905551126148339
-0.55348909544125247
-0.62526977798698891
-0.64104790570692871
-0.60050168782407487
-0.74961730489858536
-0.92084247645832862
-1.0587385168889525
-1.1386482382085712
-1.2311543306033308
-1.2731985408795385
-1.2747662618494151
-1.2708720103959084
-1.2198126166557464
-1.12099792656321
-1.0883754479132854
-1.1272090413791558
-1.1138296933713017
-1.0612001346860982
-0.95155289812350574
-1.0389051759448238
-1.1738309159134324
-1.2624162273449901
-1.3246509933817487
-1.3395139569813024
-1.3900923699695744
-1.3906231360874821
-1.3800993552880687
-1.3446292627385024
-1.2788393010975436
-1.2944173869651252
-1.2997352578651342
-1.3571904391030798
-1.375371551728406
-1.3456338804201857
-1.2868621583808297
-1.2390411906149863
-1.1732165535739707
-1.0880887381425099
-1.0799916300517756
-1.0903027375139966
-1.0862496011595031
-1.0334098027147751
-1.1560164087051756
-1.2342386086698389
-1.2654282976421132
-1.2850484321091473
-1.2628963257669616
-1.2033743397241095
-1.1066287659971092
-1.1712881643366926
-1.191311692741059
-1.1700818363803527
-1.1022639035417574
-0.9812808169895606
-0.86273759156280749
-0.71336333045150535
-0.50717561891791663
-0.32043181902052142
-0.089012161356028394
-0.067044321298640755
-0.11254301764672479
-0.24253593187619843
-0.331829794047652
-0.42539750081884703
-0.45531930993957964
-0.43396781040236687
-0.46622466899517695
-0.53080016086077308
-0.53733158635078326
-0.48128046081744352
-0.42351321365988187
-0.38722996741923327
-0.46278013049996108
-0.48336708231283865
-0.60721436860923783
-0.66186743368011369
-0.70685262392830484
-0.78156874732592607
-0.84425280649136314
-0.85817892420543396
-0.80465522946144696
-0.69593442481550261
-0.62607447775658154
-0.71488861710279761
-0.74065895585759778
-0.71822622062228014
-0.72754066028028408
-0.81602022116536366
-0.93826564411775881
-0.99772530352964084
-1.0421610469291491
-1.1077777762372327
-1.125593465241097
-1.0880866381272776
-1.0123045754316893
-0.89880534090823361
-0.76645793145190044
-0.67195322604344931
-0.52670606283312249
-0.59651124179504023
-0.64808224903180744
-1.6005980319209565
-0.20740352064864889
-0.016266848774735724
