-0.42536315844673805
-1.5816329482843581
-1.7996218879682571
-1.3249499520401886
-1.5051503383458804
-0.6729727601299198
-1.8254456941831796
-0.29494401389338454
-0.031835446328638883
-0.81252448115285802
-1.8784340323703594
-2.7140884995235113
-1.4468399179773246
-0.89235614994866674
-1.858029025934772
-1.999653070355921
-1.1446281583767108
-1.8118852014285518
-1.5213508962304727
-1.3637250846898528
-1.3138866067828934
-1.3814598964583558
-0.18993227634137716
-0.28822333295086083
-0.10853139964038044
-0.98187897080046571
-0.96366131736695382
-1.004706053094053
-1.5301797102589165
-1.6341511334005339
-0.76317974697515456
-1.5865688202558066
-1.0891576057459942
-0.52258378701735742
-1.1722369449090919
-0.68092357027028583
-0.81042443701409483
-0.9607035254532067
-1.6043150231336161
-1.3920211620814775
-1.0671180525268587
-1.3716429272008965
-1.171356496651647
-1.3023519394261114
-1.231858339213876
-1.0261188081761063
-1.0090084732284079
-0.72974585404123848
-0.45210045823052225
-1.1460746772347068
-0.64844219899779665
-0.16621847307108828
0.35459163230148716
-0.44477434825165685
-0.8583676130911243
-1.7359760130242696
-1.8438686425784516
-0.3876801578406176
0.022443943059071381
-0.46615807611618243
-0.77325283041981818
-1.9121306692935205
-1.2078702464529989
-1.5559972778476923
-1.7935170286300133
-1.7458696555654012
-1.8616150714921089
-0.95361737903955079
-0.9733759951006633
-0.5554573577141505
-1.012952500795625
-0.2308425886390062
-1.6702127451323048
-1.7300382693275167
-1.3620851470896191
-1.6088147855949719
-1.8166920591068276
-1.8650047026782191
-1.8668521250243981
-1.3315809399757781
-1.5201010668775916
-1.1514440734227893
-0.70238212098483821
-1.3779668473843747
-1.1691815762866684
-1.6023480517959934
-1.0941700574337039
-1.0623206851522844
-0.6548057957019966
-1.1883503879641923
-0.71916516180247414
-0.64108659350391206
-0.12264736706871694
-0.6246768392915848
-1.0102695382603226
-1.3112734869264444
-1.229313823380964
-2.089668355592178
-0.34565944399069859
-0.037753040198551163
-0.48148876129083773
-1.8123678614978167
-0.76775204243345874
-1.1123576724462625
-0.91288288222674696
-0.76136608754668011
-0.92264291980305435
-0.71239827454521265
-0.38882625429909196
-0.99519921589967231
-0.62877341941620901
-0.72108212614003708
-1.2151204401821547
-1.1641958234657541
-0.67783514380731746
-0.53683622912390527
-0.84716466694592363
-0.76537025939937398
-0.9902860786593275
-0.55684321191539998
-0.76148446482468257
-0.85594177629966417
-0.088300219501079996
-0.12702990032120917
-0.84444082928820685
-0.75729766606426985
-0.91276253099587878
-0.96310251831064875
-1.3224334101500981
-0.79103940174078469
-1.5963243062975785
-1.0032477642857458
-3.3479570812935697
-2.7617070091533145
-1.3700642802136127
0.0073008525060182586
-0.74205358457961457
-2.0433775485974159
0.54440069239167321
0.95291632832778672
-0.17005223893189558
-0.11352742709164376
-0.62782080890849212
0.65578195698555897
-1.3348981428071993
-0.59042555080477499
-0.71715972035280384
0.10941661668361413
-0.62491615358189556
-1.133125411047367
-1.3574417176632043
-1.1335588447464469
-1.7551176349378208
-1.8701020317740911
-0.96372653073094716
-0.91394374039406379
-0.92873825481556127
-1.8578691727513272
-0.44489399312137767
-1.2239163824913368
-1.8231285467442961
-1.4144203443008903
-1.5402458790781082
-1.3131136473056395
-1.8298524076064995
-0.85772120618639924
0.83634159123891461
0.91788286073410508
-1.0422478573811003
0.18719211124243285
-0.13394333050847584
-1.4884689147267145
-2.2115914164307986
-0.9381632875128989
-0.98008276633079661
-0.27248879407039406
-0.64574159542378107
-0.93646407061088521
0.16295554738685536
-0.44412191085473707
-1.7606215633587239
-1.468177950596655
-2.3007772858215993
-1.8012050497025387
-1.3390843026923656
-0.0085624671353619064
3.5681136051670865
1.5037975347466161
-0.18189808685140463
-2.3510730543641603
-3.4339834660958539
-2.292373527808957
-3.7104417846779287
-1.7066085383784206
0.044680152404216023
-1.0210793741060751
-1.8269047362099107
-1.2058212981685659
-0.7014081348745721
-0.57541297735971353
-1.0835767693330518
-2.1741358908851995
-2.595141393886002
-1.9867918006168264
-1.2567814011459446
-0.11127134145113426
0.7263393406700368
-0.19587432685574446
-0.65173597550877638
-1.2837520595884226
-2.1211129562840556
-0.9799173220543298
-0.50443468621245213
-1.1436087882420378
-1.9621895349784357
-1.0136827146538727
-0.3182213799973107
-0.53888302010280775
-0.86997965804650057
-1.5712757708435703
-1.9179899590840812
-2.0283493428041854
-0.86451730866007437
-0.89198455373481811
-0.64714282125759826
-2.0910880689301821
-2.1951272575587071
-0.54369435948384515
-0.74700980493695557
-1.0518724827849053
0.47348120071106514
0.043687265490483629
-0.22443987668653309
-0.68398785738987611
-1.3098886191538617
-1.5359154642298596
-0.31327960793493803
-1.0726328616120187
-1.2068772488503408
-0.72008462368103632
-1.0010118408541837
-1.4507197737222082
0.49030005167063684
-1.1731577885093647
-1.8710914578566193
-1.5663825099875783
-1.1283508480485718
-0.98659199700006117
-0.9763432859499086
-0.92801555272155278
-0.52465257747515182
-0.86497100008030769
-0.8643161723159245
0.28504134115456647
-0.59923206045722344
-1.5581971755125754
-2.1185459188456881
-1.1323447416155021
-0.44855498413819361
0.2142763843253136
-0.35174354297280364
-1.2568573039750734
-0.54363095849320131
-0.56549468649833101
-2.8608797267257082
-2.6627695610328459
-1.585361246145613
-1.4420715094540228
-1.6681997841583749
-0.95551503801343651
-0.14624706652891994
-1.0433902052666157
-0.44548353826790599
-1.3118874913565364
-2.3433352016664744
-2.2179705738398825
-1.4467090940706302
-1.8987308795099249
-0.20352318153429932
-0.67806053932091603
-1.642195081913699
-0.96794551318707933
-0.82961595505280661
0.096254157743804303
-1.0104095366335835
-2.1643896137053673
-2.4875230964014539
0.53207348388124842
-0.01510858254408004
1.1265222945825564
2.2801255493533468
-0.35668281786364198
-0.31107570831758791
-0.11161044149108545
-0.29125271685917475
0.29131433083199598
-0.70830863206680128
-1.1692187641400071
-0.43046556385808543
-0.39553967183108191
0.12288265399062348
-0.94140128902475917
-2.9655524343006814
-0.27538915040683709
-0.52924392350263649
-1.8533883043899493
-0.64459953303830986
-0.58716423182145649
-1.6483199778375632
-0.80671006585981009
-3.3864881281838439
-2.644969912383119
-0.45691662996026927
-1.8364178633631585
-0.92377304424356355
0.50485235338170487
-1.3216941350066413
-2.3971909373908642
-1.1418626040714961
-1.4728976183331965
-1.5810893554112813
-2.8302188733203302
-0.89980570169672203
-0.27958712480588177
0.27018060039847647
0.58983581739989877
0.37669673015091254
-1.2145459302861223
-1.957482963180992
-0.43221806035519383
-0.2290851245724656
-0.16452343673338676
-1.1619045670887806
-2.3995686128155764
0.44930820582412934
0.64061471628715527
-0.50757950395703433
-1.7535160272869068
-3.527660728855103
-2.1448729112864529
-0.56091078041362485
-0.61788425473871111
-0.52884506277132826
-2.3792780086592735
-1.2987900115669415
-1.1800013668920064
-1.7435331590105037
-0.80083814631146522
-1.6055565663602414
-1.6053931000289157
-1.5167998067629098
-0.3382077262200931
-1.1611952779457422
-0.66578336996550713
-0.080808854250423945
-0.71090926713712732
-0.27668246242482364
-3.1507967148073122
-3.8383191354223816
-0.22649381209712272
-0.87720622408702209
-0.57652712338119239
-0.46308796487583859
-3.0135000938867611
0.31988453569819519
-0.0011269371632154357
-0.53894764668259376
-0.47232168247762041
-2.6949633259398191
-2.3703713437645213
-0.69581617851986388
-0.42863347103577132
-2.003336119735438
-0.051348084020874429
0.64299219837822363
-1.3756777289454893
-1.6808328429431434
-0.90952536791139171
-1.9513612033507794
-2.4929003258471143
-2.6202461436763498
-0.77969888359776574
-0.0051066681563862737
-1.3435146369599766
-0.98790835163670621
-0.37454354354663077
-0.56053382705382215
-0.64364544962017023
-1.9241318663906217
0.075737652380471143
-1.2578181232713372
-0.9069724477232376
-0.28946488765502343
0.63381391842182566
-1.7777570406283221
-1.5093123307542369
-1.1405383049403319
-0.39635851974041536
-0.81317551987530423
-0.70362704972592316
-0.38107750495625958
-1.4845159987482608
-2.7343072609264789
-3.4387474876256743
-3.5197308029863938
-4.6866917900968836
-2.7738994715949268
-0.24444127264694188
0.49369037965601548
0.8483204090120029
0.28664267609285043
-0.49314252535384773
0.64539948496899657
-2.2084800643249083
-1.0701515618296633
-1.2143951099498758
-1.0686946731614198
-0.32162816495644408
-1.5626803919873735
-0.36421572692539989
-1.4972747678107732
-1.4169227305186367
-0.74738581877775456
-2.7907864913706737
-1.556506899601056
-0.5337505461402825
-1.2159409124721405
-0.55628460015578529
-0.58138558513451011
0.29816703625448598
-0.67395707555266071
-0.79580045126933685
-1.3420705365099908
-0.57050271597186053
-0.033839934163269358
-1.7467690960594489
-1.9892427819397265
-1.3495040803228597
-2.6333598095849244
-0.67687160970481064
-1.1582321375012248
-1.3639094027842811
-0.79231195784512076
-1.4172241874508655
-0.79812396522359574
-0.68758728441365746
-1.322502494417382
-1.4070780309000281
-2.2131705850953347
-1.3534446378545726
0.12451033141385481
-1.0195918882285606
-0.67148008545297111
-1.4305724391505192
-1.682718155319685
-1.0404682283722146
-0.94646536899761435
-0.18555152264009356
-1.6931244205477902
-0.77505553043975906
-0.94291972763778342
0.36032734474290823
-0.24239378038351828
-1.0924101148277514
-1.560321953212326
-1.5097332128717169
-1.1116458163433802
-0.89667157072244286
-0.050636900009542463
-0.34154460238987322
-1.1625535386462762
-0.56474859497585028
-0.87920505809353289
-0.33269316033348101
-1.665818919402458
-1.5731255309346699
-2.1231598164490548
-1.8175479327430721
-3.2170113058244705
-3.358446677231139
0.32913757360477863
-0.008415990622521706
0.33533364725016612
0.74445704556044734
-1.0559116482954547
-1.7980172710805733
-2.5322741918193383
-1.3905025128401114
-0.30309105464382097
-1.1879164037883136
-1.9394542308370686
-2.5120866558598136
-0.31213290974452568
1.6709737204439903
1.205760947025889
0.60026055689487046
0.48552712191515585
-1.8975648140560828
-2.0978530387369099
-0.64463542319977196
-0.061031480937030036
-0.68016585650241101
0.082197518133114489
-0.13895570338297764
-1.4420337442302096
-1.258190731431148
-0.97134117089809213
-1.4716947301788186
-1.2120323937845034
-1.1153588655112969
-0.36932814022282912
-0.69408288958179609
-0.57523198967692302
-0.38035938269415537
-0.68499558272557315
-1.5772187427629634
-2.1077881312337094
-2.4529511846297836
0.39285382534596203
-0.44943541193326431
-1.2481279498357136
