0.99410808121896999
0.026991787572563097
-0.036184335636439691
0.34103811641573684
0.21926022319562555
0.14975084470728445
-0.25273010574313226
0.085350382164435357
1.6321081565481115
-0.06427764353728288
-0.43904468544818576
-0.99614483450700819
0.65602332577300737
-0.066472259569523295
-0.77263607347593111
-0.51440003622394559
-0.15436985348297855
-0.7710682907723545
-0.69608826587862416
-0.42826089764784314
-0.40684668501182453
-0.75803721023644111
0.95887017783795248
0.90013804877065429
0.7163512820305884
-0.012542552384142943
-0.19817430352738885
0.39600353678911782
-0.6391292584896241
-0.48021518654926099
0.38055122543082387
-0.39009557531800232
0.24237964024203898
0.3260569607198
-0.16694892360300492
-0.091648095835627885
0.16411470527046931
-0.034305501814145434
-0.80445993945105676
-0.26831699913114671
-0.22810805931476599
-0.083775393726243208
-0.29825178393238161
-0.59335960313749547
-0.15238852985964702
-0.045596936307914754
-0.10574873372350639
0.21436525084226232
0.45397833716951186
0.034298948114912964
0.080305553960487996
0.55207415392185177
1.3427362399616187
0.53087166888922366
0.008830345617911961
-0.45504305757115915
-0.40393426751825279
1.0463240142247341
0.93531330209296004
0.50097382551990277
0.48577031232048606
-0.50910213181641195
-0.042754817932110806
0.2872009143418226
-0.40270268912516166
-0.24356787882184894
-0.46988626768565428
0.55152363440615737
0.50770446254711521
0.51154572187743197
0.10028981395664514
0.87626526976373975
-0.88983164289854533
-0.10904584036926887
0.14824860957286742
0.14131771907309232
-0.3211769949110444
-0.36692436527126249
-0.46753203594674242
-0.11618407079590014
-0.28008883237674981
-0.063536166877442901
-0.066538458459614855
-0.39650055965076658
0.029834202691636613
-0.55240141476225624
0.14802130744167197
0.03297495343549392
0.33286707603931881
-0.63485955306274322
0.10059015187888737
0.025162576676304532
0.76547072527920113
0.1637054756977753
0.093690744938335568
-0.31451328868990275
0.097142071254698259
-1.0726869565025725
0.96956607177265552
0.55756732610546422
0.075439954798692171
-1.2630639678955493
0.30695769756190699
-0.55617899514226399
0.096955851197606635
-0.04318678839292639
0.30657379674169649
0.069940108294884562
0.60249131756685137
-0.24948454164696887
0.26738235504385865
0.096922996869485453
-0.51591395892443559
-0.30971323408822038
0.32404202165586715
0.67508259453105324
0.09019150474717913
0.18964102318153037
-0.16449371769880586
0.38944168603955082
0.16694240180772318
0.0032800459654563213
0.62824655508260174
0.77348640986645112
0.056365765734241069
0.48944548356177442
0.11277810388318793
-0.031735982621634726
-0.57136283051692371
-0.025493817487453468
-0.63383953760568112
0.13583116007821527
-2.3559769457029685
-0.23759838184285664
-0.23205568334160065
0.68228456438656448
-0.87912096297462028
-1.2075978182133436
1.4140493948975752
0.38942198972451147
-0.0061393567361433532
0.47901140344827764
-0.34621137031261195
1.3197216331861954
-1.0499796071754572
0.67491838063458709
-0.5044475923133156
0.51778356144758253
0.093336649280743561
-0.34748177934576074
-0.62601067441053337
-0.21839431746148907
0.12958940183777104
-0.86385455668189559
0.0094393091544178187
-0.14994805249592491
0.54588014960539344
-1.0626498624204088
0.51047802111133855
-0.94619612308269141
-0.74698099848503874
-0.50040581609849777
-0.036416078381840078
-0.45103192851005558
-0.60514893736739783
0.31520513164274777
1.7730894179465078
1.035168711877152
-0.72372494203886251
1.0450146738263926
0.52037309553869904
-0.56413304097067496
-0.50915596085965986
0.60667098069726966
0.22260817485574558
0.96391601111444969
-0.059653991625983893
-0.11322475912932492
0.61143233991051249
0.070807561806185498
-0.38640403115270983
0.016681600723239209
-0.6044287454008439
0.17103590447144734
-0.51987404779096302
1.4688364851095439
3.2764235373931325
0.24255319728246372
0.69347703706409192
-1.1048241873677143
-0.58650727851733842
-0.11595903737456514
-1.6688257940208999
0.29018870616211234
0.45311051121464674
-0.69786256800543633
-1.234987651821728
-0.4136323172778113
-0.50505541503684526
0.5153132225159831
0.52046017927956689
-0.58185594837631438
-0.6944199790648381
-0.42801953389906766
-0.33747999272446755
-0.26265931021477251
0.116547346627764
0.44272227693937327
0.031884685151429615
0.18537937344457991
-0.22275852466475643
0.32892667220719252
0.5405760256735358
-0.47246416648575973
-0.97464660698519379
0.022959501390874937
0.21019855538727739
-0.16171646674703408
-0.15176943608902521
-0.72186830757449427
-0.60554538423363113
-0.37383972237726082
0.70858594529005225
-0.082832411641659109
0.23583193022361953
-1.5898595949448979
-0.94422117823062246
0.24614567353004321
-0.47629824813819033
-0.30681205185028859
1.0973983304708306
0.67222816676118913
0.53884849017298642
0.21685889095288297
-0.15226759116087463
-0.49769393410788376
0.75517074720542088
-0.21928382702974725
-0.42105268260486317
0.42269596317310243
-0.36353641974386214
-0.53359707352673913
1.336287146405901
-0.57467002788530241
-0.60049989338613008
0.15798679169561525
0.54507924590318868
-0.36010394083504516
-0.19010391962080397
-0.0091387119386966142
0.10992108532638845
-0.26274887647480255
0.35171974682978047
1.4602911685547442
0.090457442236981933
-0.26921631841422633
-0.21269765004796831
0.21682725257913227
0.3718626348571773
0.69309725926621513
0.59375277159693685
-0.32196910064926121
0.751992789687704
0.68321260500825642
-1.3789040005395592
-1.1632202930597881
-0.2792230100826083
0.0062022661288297365
-1.2071727792782798
0.57722322486200506
0.20686962970968548
-0.057251862162380998
0.56797208736916249
-0.62241996642528952
-0.9110650946508051
-0.65205706071340386
0.14660509343507577
-0.92829733351452504
0.31452279952555418
-0.66086276578053593
-0.84336767351311215
0.16798401850699485
-0.1837803863512518
0.82960936566495402
-1.1275374624432912
-0.51468751322837913
-1.3943490419777609
1.7125237052931734
-0.48362127764851137
1.5178621337672575
1.5455949558441073
-0.001807610810749094
0.66506795522045326
1.5612676133850905
0.2203814354318977
1.1274189392673781
0.20933807172160565
0.80498415124610612
-0.071806502185888132
0.65970472363220556
1.0970914036569415
-0.27653889791391217
-1.3679993003642055
1.9592748767000336
0.70825404853133112
-0.45456790588525448
1.2931498540794595
0.59402345665489464
-0.26933593005546635
0.38795702611119942
-2.0417277725209768
-0.091454600339761272
0.33476781212990336
-0.25827611877646039
0.71194962149918095
1.2553319929005551
-0.56312861635802058
-0.94718564201910249
0.50603474064970566
-0.6247614878358001
-0.37567747996992606
-0.75693829741587249
0.96866679947591794
-0.53850235144348269
0.053203495547022861
0.88334665362850084
0.0003871430217256
-0.10143408609003757
-0.56333208384284517
1.1895059955367056
0.48997296250196437
0.93733763277637638
-0.37852252012624582
-0.98645050500108078
1.1835816130797241
0.26033251949511604
0.019836399907314006
-0.95358280896864922
-1.2334079690119371
0.383496428842384
0.35543604527613404
0.30166121313973421
0.020885592462648928
-1.6429952226876448
0.55861521006970982
-0.99945760825667507
-0.28415305309757566
-0.31655227048787693
-0.011664898360182002
-0.189419088531395
-0.26452905460334314
0.66282995024089364
-0.71145871984742959
1.3249984703734521
0.24798340748796976
0.50393627841980571
0.71191074812589616
-2.2114498231350583
-1.2446237158060258
1.1286610346713157
-0.5155934083854542
0.099590748824709863
-0.41540494982913467
-0.63079720972746678
1.6774414780586873
0.88278752885927947
0.54554733633865571
0.066656484444306802
-0.63889854637393728
-0.37479452664152513
1.414649295525529
-0.18496627014771461
-1.5127288555126093
1.2446913634626147
1.7185468529028933
-0.30501105049860699
-0.57194300433608691
1.0889072507930795
-0.73702092241457162
-1.0811631882357045
-0.27644343891099654
0.25708766424746837
0.59604200776802396
-0.74407709225688712
0.68170665868458125
-0.18189832562075858
0.18995489072026306
0.26395860168796997
-0.2136009463318137
1.0656598406654321
-0.21320926059999623
0.73224493766532806
0.60319628739329723
1.0207197497038316
-1.2143930020875922
0.21918637806013466
-0.22363555566795296
0.65001087519237966
-0.072413013614520572
0.92758263051201895
0.60365164255940784
0.051267299312043629
-1.2283082908404062
-0.97196680851159578
-2.0250543476111074
-1.8349796896706949
-0.68331397103018165
1.5088856543053308
-0.45204838241172396
0.89715346310106336
-0.3028794521068997
0.45509332107968814
0.74231968371724433
-1.2605339098188812
0.97936382604980066
-0.59455799262722664
0.60651765873310792
-0.2402620577921929
-0.90556949896197114
-0.25730691585326354
-1.3701415301615805
-0.2543477115929374
0.30530000279638581
-1.4645899967996721
0.90291352150195414
0.5528852510388198
-0.00088264895093059445
-0.5920225870157374
0.21447146560940089
0.23177001729192043
0.35074219483735469
0.071119125311237763
0.090769520054388986
0.70537245120158587
0.7070915482711847
-0.17077314501164903
-0.24748549695365848
0.060576375725639273
-1.2744340185926917
0.81634485750321661
-0.087804920615306536
-0.41224864983135023
-0.32678124921452356
0.31581958802364152
0.1846784877157101
0.3277449001006143
-0.27188028379650397
0.29343115234370398
-0.59827536968221795
0.64367948762601201
0.69303494764265516
-0.20242122201468327
-0.12852175747466721
-0.34166803464748108
-0.54093949177657219
0.40044546608006726
-0.33613223142355819
0.88625104500698448
-0.71172200512053274
0.54764051633781441
-0.033809320240617252
1.2037715644179365
0.17947099076983308
-0.17952359070625423
-0.48532659973106024
-0.0066853347609263647
0.18064334408004853
-0.27958641899274467
1.0277481648885276
-0.14963677183144042
-0.11154896751458297
0.25430046313309262
0.26323330135592066
0.57740596644795328
-0.40917565455543864
-0.28271722169191704
-0.86363547755423387
-0.68495975732473446
-2.0877980391959117
-1.5847462742037197
1.6026458156729859
-0.5961513793850528
0.87763165515754893
0.66560036212767237
-0.29125506759050568
-0.87067627194966479
-0.96094422375436617
0.22051609878068412
-0.33819037342359243
-1.0786745740764909
-1.0699562395131281
-1.547220461649345
0.40780364436969424
1.2431242250400378
0.093063276281355023
0.84585251565952191
0.90099097698298736
-0.51583438909956536
-0.44184724562918071
0.080193184744204171
0.070375608194625183
-1.0136421927854486
1.2336951766300317
-0.39050283067465535
-0.27407481036135117
-0.80640307832197511
1.0067970616579704
-0.69159579560017714
0.27999273149745618
0.57167982432211317
0.47902817056025032
-0.072051286949903481
-0.067855876724471242
0.14443556797548862
-0.48451792825596751
-0.45464497318598568
-0.740715614650854
-0.19980569158876232
1.5885736806812529
0.6989173414450105
-0.3988166347532216
