1.2460179336956674
0.11010158406004419
0.059955815178235811
0.33571330331600113
-0.33565014622419809
-0.17618750863111121
0.034390091356277991
-0.0072263684483949708
1.6947911258220894
0.36653134034563095
0.033732256519832249
-0.76737260752146808
0.97153087313881381
-0.083440920750235875
-1.1924945597921632
-0.70522535982188161
-0.012090275398087165
-0.90384222691922911
-0.26546873260672021
0.10978963363121572
-0.084825913384106083
-0.11334343885446047
1.2301918209988481
0.90949780186807527
0.39328430803459302
0.030321900266572686
-0.025002825056488209
0.016383758305801854
-0.55701091081134058
-0.36807359782580262
0.43265078689084846
-0.2611753520289421
0.007251618853234611
0.31423336234263166
-0.27255552932709398
-0.083786415043899526
0.33905545571343088
-0.0020484234673250196
-0.76214605938483171
-0.26695058151153617
-0.012403598624690815
-0.31599107412492528
-0.29030415310925223
-0.39794374023270557
-0.30707101883818866
0.00043497747210649584
0.011880277633248296
0.22167016270246984
0.43010511409817243
-0.20805777688568433
0.26259025311009343
0.5797481873562309
0.93595840736704816
0.27002525706370051
0.12688830301611986
-0.4739711624357632
-0.70714062303956426
0.96369173118523177
0.6479812003436185
0.6430339714452229
0.2040687573603176
-0.62778412318548416
0.083750464148155554
-0.072610889476511564
-0.36521112641109904
-0.17500585838837096
-0.58025716416664463
0.47624005553921778
0.30403279522469728
0.5136756325777847
-0.11142534523136846
0.98036501774424756
-0.75919465101692041
0.058695894537944382
0.58402457946265018
0.0085959952705392251
-0.22284290109464772
-0.56592192717178436
-0.72858082236611499
-0.2033349985251392
-0.3242606354078898
0.1455320095385074
0.51557589204983245
0.063514999875665945
0.55036401215990205
-0.16172182285543718
-0.041901495724368076
0.143471189577736
0.19021327772866453
-0.67808696772973276
0.46452073041067921
0.3644522073528379
1.1439953397628599
0.61473319766578904
0.38266198936930712
-0.12539974158439726
-0.12437834161370959
-1.2563382130916605
1.0353543562365883
0.70348616327929803
0.59400102427781176
-1.0244585663030537
0.66850060847404946
0.034820675707378283
0.19377711152104279
0.23767669161632193
0.019023498380649081
-0.30901470581960849
0.72919376762131638
-0.057883339161529365
0.27059848730077496
0.16658827620131147
0.062899983055436523
0.088253390984062985
0.14881172799474593
0.29808650705731538
0.13170916349195433
-0.15232153649501917
-0.45843143000280878
0.53341500696447453
0.016763866968087959
0.035072961671764352
0.82218577744766319
0.83558677441325868
0.054330018925720147
0.39873969970276846
0.052827939058971436
-0.096365847382748102
-0.25589266188118137
-0.042085493535698473
-0.7305261693140308
0.41235176039604493
-2.1726577028672085
-0.14951231366069484
-0.13798500446545681
0.47600446202375463
-0.92733509678857762
-1.2135317919558049
1.3356414029685597
0.32809434180996544
-0.03874037714089848
0.66846236870531262
0.00025399053699437513
1.4519388227086296
-0.95780988867049821
0.72219660536367414
-0.47854979054261748
0.55008487079701718
-0.023730520280408396
-0.38096964490264618
-0.5529760857339947
-0.11370756332686188
0.2565631484713512
-0.76158912362857611
-0.21255488135490497
-0.34152920335688641
0.33342807664951607
-1.4593593789862496
0.24545454656356108
-1.0051929040598269
-0.63128937689429165
-0.62087267165449134
-0.1421483382917812
-0.29366705789142944
-0.67780662293890481
0.26756268352188328
1.935810154355651
1.0998987811888998
-0.73175783654600512
1.0601765318746783
0.54799309649523831
-0.63916134018426263
-0.61087848216826257
0.57236004360166737
0.24809653275884747
0.93974903408873556
-0.037029111163310591
-0.24431789568576132
0.47238795663444977
0.018515347975983004
-0.51578253949985853
-0.021560221232450272
-0.49948765019559205
0.205535605181703
-0.32828411162298921
1.2619689753146817
3.2661084466190413
0.29198119277994827
0.45382921159898026
-1.1957111913224336
-0.62086567339170884
0.36339067169767714
-1.5547569590004622
0.48541816568174689
0.7359707992945419
-0.94284039366617833
-1.450856978342467
-0.58248954727919999
-0.8259529800814257
0.28041678741243137
0.65901456967791239
-0.50418462298475075
-0.50422602614338263
-0.26473472731561731
-0.42711397908155668
-0.1471366616216177
0.13936871265055151
0.28250156364311318
0.23499302634977359
0.3826185691814552
-0.17403565117220335
0.61597070702868228
0.86221261717244202
-0.52900320180062221
-0.9774728603890378
0.071376113057302931
0.1683393673912621
-0.26157943653846938
-0.29844255051161905
-0.66461645734012509
-0.66943745452394043
-0.59913920513810748
0.79712442753426394
-0.0722829634869806
0.011605608475142054
-1.4569805845727835
-0.71486078137361897
0.22634197455496685
-0.48561785748898023
-0.17697733684644709
1.144542046895801
0.58259724731513929
0.49259240733503201
0.10104523402185359
-0.1771275116339559
-0.42803501526421117
0.99134197069015928
-0.2851546802628272
-0.50801658055604659
0.61282944569131825
-0.37899916296422914
-0.70530071985113207
1.3729395097567845
-0.61145014822506938
-0.71359970167867126
0.20026957962351666
0.65078207665875987
-0.36851005188745029
-0.23272065864490177
0.083572304912298084
0.14014249520309807
-0.42106743232331018
0.31862653381892714
1.3696337992929026
0.13849287232394658
-0.26450517593800194
-0.26783660920379937
0.20034973085791036
0.50022924689854198
0.73245608244689842
0.32542991180491193
-0.33397951940562276
0.69036442897737949
0.76649136283066266
-1.3968657545340253
-1.0963135538522268
-0.037332439205327805
-0.10838314213036582
-1.255679384553658
0.36225662591561769
0.0073215623896938919
-0.22935292853075084
0.55068279660445807
-0.63666262016086395
-0.80611778934479961
-0.37049555687429692
0.17174603673899336
-0.85830261022153254
0.46165731253337816
-0.89146306287332711
-0.94310666689899281
0.067519832179858102
-0.19449673097114284
0.98888329496056349
-1.0202803676630845
-0.38527989612577906
-1.2240837038936307
1.9018699170252189
-0.54103990018505976
1.447087513002344
1.3738384865354825
-0.10836579498460308
0.67539331317299522
1.3415522403837303
0.38250919300643071
1.2266870027075696
0.25288485698940544
0.8149234461716629
-0.028804432996508145
0.62047987107293201
1.0405788049780029
-0.25171242399031196
-1.3507776941041174
1.9016629064940638
0.47028155062921706
-0.57779495615952081
1.1532046334640285
0.56860436159886818
-0.33866895636164329
0.098581711915252543
-2.1839864557789488
0.31623744933708581
0.19957975333534461
-0.49188999118619003
0.89510257221808631
1.1319345982548874
-0.59052369391537152
-1.1086424182333277
0.29534561446467811
-0.65626803720828564
-0.53574492710182064
-0.64467419273920923
1.104997355210936
-0.60420485028985949
0.1866493033834441
1.2374860647906722
-0.24058861631553796
-0.21483532692522328
-0.44067494062165169
1.275284381281828
0.41179112172209553
1.1169121975139888
-0.19635419188576747
-0.87020061440268903
1.1483060945021615
0.51922606919084746
0.10521177920156299
-0.92980595584462022
-1.4028287456518191
0.53277785267871491
0.48427975791792766
-0.15598072125515366
-0.064332754749143989
-1.5319313902727461
0.19896748436193934
-1.3611555116579201
-0.3672426573870935
-0.077329181044631823
0.015347204341307569
-0.1301520244661164
-0.11801553805431524
0.55962539643439568
-0.92281578490757554
1.4074814961863404
0.2727035003445305
0.29765375120603332
0.65580817235850619
-1.9367188744089103
-1.0334967016168777
1.2373440208170947
-0.52620923404742947
-0.019547692614966472
-0.61850912651361123
-0.57439723897057227
1.4741782072141685
0.52561706515589823
0.41531277911301023
0.24380776378274036
-0.60385027570283767
-0.54001259839498417
1.430107277455767
0.014869103627348057
-1.2263909426674056
1.3978948881169879
1.4573128243426923
-0.5148994769344436
-1.0491042224888676
1.127922667615854
-0.48669503009927462
-1.0806501219188431
-0.35529410403734762
0.48145870668694141
0.71167534869338533
-0.8463057314902459
0.52359527070575762
-0.27587581667389072
0.014520776882996578
0.083985506348358788
0.48193371394056506
1.2993490544204942
-0.36110988137686512
1.0759662070775113
0.61151478291786698
0.59595685361503237
-1.3691313813103536
0.52157581146823584
-0.35718242488221269
0.66164336949523661
0.44038046494446659
1.0895825406908799
0.20676267944019311
-0.22656792898340899
-1.3555121964285761
-1.2048874356698469
-2.5261227680235541
-1.857857554715074
-0.55898856762253857
1.5689102968704522
-0.42555751747172443
0.70165403359509826
-0.5790933921896585
0.41246894186108207
0.69449149991589287
-1.0552859928008502
1.6159375673373235
-0.13566128452090431
0.70352050268799493
0.082016950125082533
-0.7198917629142626
-0.33201754236751185
-1.2877072309736075
-0.11234009460832944
0.48995864906668479
-1.272422353376943
1.7265241113699652
0.603908053793763
-0.77282545247193279
-0.77385507294966693
-0.078239551543803909
-0.3910645284249531
-0.097282603789208943
0.021763205258787
0.30709353523544919
0.87794662356810427
0.64621282055762586
-0.24390569702245413
-0.058098529295815493
-0.057374830314745481
-1.1764373044177641
0.69427841321142736
-0.13562216385588968
-0.32524257390175915
-0.30792324708738772
0.34279506227324896
-0.032952693376208986
0.28781409652178758
-0.37179817453977754
-0.073355347718544905
-0.89992275743223016
0.4099701178782223
0.58643716407242641
-0.17650441047571308
-0.19317980051094341
-0.27126192060857057
-0.32256792742511803
0.66308065719769937
-0.1193015453720748
1.0225914346348968
-0.45111918201312545
0.40079301926652244
-0.32935134831810886
1.175963912390952
0.33964053455847248
-0.13139811479733249
-0.50933289208460353
-0.041029071110411097
0.42733470179378191
-0.052350758041725121
0.97943215270293793
-0.30247339661843609
-0.23406773148383161
0.054539936876799387
0.26557915189105374
0.57665969464620759
-0.36089902249378852
-0.34332597089745581
-0.74672945541166214
-0.51029208466376719
-2.2247077712180103
-1.6327783482798564
1.6793603604051437
-0.79823070351901104
0.68355642286508611
0.47197697188867327
-0.46827790185349538
-1.0065779500153629
-0.79008301706505835
0.41114038191046631
-0.078941379428302039
-0.93114259130797739
-0.91750632538099897
-1.331785731422666
0.30439718491005979
1.2454512591478053
0.11154084986993928
0.72350954020825997
0.94962253953166487
-0.48541115369749888
-0.27315275298115749
-0.022515156470150316
-0.21221177359097543
-0.84499747450048712
1.1441904454249057
-0.72943989373271889
-0.27718303986173298
-0.69577249217062143
1.0821221830798196
-0.82164068701946491
0.11096357693325487
0.49393163825101349
0.56030335079316973
-0.19200263450038302
-0.16343095406854471
0.16406007874624762
-0.28788132956577461
-0.46624716556110174
-0.74953507637294636
-0.14303695042580034
1.6359956655740031
0.54947388150858667
-0.59021905889202986
