1.2036942140967131
0.44286041095624773
0.16976143810097277
0.34062343194241035
0.053041288943202036
0.13940990312694995
-0.28270296378861659
-0.1866194878347342
1.4838274236294375
0.3570718061230298
-0.028534459131146633
-0.89532314094780985
0.59379959564820439
-0.049702784093399399
-0.91396806050729051
-1.2425923013517237
-0.37815836894030147
-0.92351101699179028
-0.51010353423490362
-0.27693875929442885
-0.40212665509399592
-0.70680688954009652
0.71746165510575033
0.70781965783919509
0.52010140206294386
-0.067976744020061514
0.12037390739995821
0.44969432883678695
-0.49331936448632813
-0.30923052459885847
-0.10360075621050449
-0.60382214627390096
0.11608540486206412
0.32273194953180712
-0.13151350779018067
0.30974784793770621
0.36130675091336295
0.077586120397358765
-0.45959167144065693
-0.1608205458761291
-0.086032903173657541
-0.24276677205685127
-0.0087332785888131065
-0.15089796433780822
-0.1306974441156819
-0.48722437133455704
0.054390486264646362
0.49250160729650688
0.33560728062697814
-0.38403048107054766
0.18047514248449703
0.61386453323005064
1.1492842933032477
0.51710576189265001
0.19294954133510953
-0.28502762406071025
-0.44155653877866863
0.70650340876033457
0.69562847626459889
0.85110480778874698
0.46122333933543086
-0.57101222502894267
0.25206808131573671
0.0074605074046018016
-0.40429082481536599
0.033016578238861428
-0.2098780572439084
0.65561475152526161
0.32489162308451536
0.49882601207510663
0.11106050017898327
1.1357676412232791
-0.65938336285988741
0.013716451884974334
0.24614072847607563
-0.065619524688820402
-0.31380671222799272
-0.6729731468021023
-0.60612113864473238
-0.16915695315722795
-0.45113463797946962
-0.12207547946742697
0.16881423019810909
-0.33607475363709194
-0.12193449644275262
-0.59718143239816424
0.1553763717105805
0.0054941304585321704
0.15257237952958733
-0.6894436958696557
0.024708269753841439
0.11701276663470214
1.016023768704525
0.29931898631151199
0.076480440161049573
-0.19524633643559824
-0.11253242698637275
-1.3173818639421566
0.86731850093510277
0.28141721425688515
-0.050246423953814734
-1.3232660104945158
0.35673897441834379
-0.46094071401891623
0.12011683114165514
0.15434717152028599
0.14545712688989268
-0.20933633012036956
0.36441130680736328
-0.19540902428234108
0.45916106616092389
0.050045478181174594
-0.35976215263261813
-0.22833430098751489
0.44897120599130658
0.67799020700352219
0.04612835618550578
0.0233050016447158
-0.53301853689690182
0.32900868042181292
0.17886238798578696
0.30866672929100075
0.75963384852278537
1.0080057232262161
0.1817079829024581
0.39796522246542476
0.148398631015869
-0.060473374712638257
-0.51384541432157438
-0.0023536823518210959
-0.65294529991859596
0.14568978030908675
-2.2244257077051004
-0.16161699122282691
-0.15448041824701886
0.52358344036346638
-1.157341623961297
-1.348562571241259
1.4625587675641376
0.50370278196817364
0.011649954252779315
0.31497355305041169
-0.20949107100864894
1.4469040875699881
-1.1173786635467751
0.46210007157679911
-0.73568888315398573
0.58675210398711752
0.12267268109574433
-0.18200161906234691
-0.29141446995053444
-0.076865850219177023
0.10542530896693578
-0.91916217062541272
-0.1055337580129031
-0.22376675999662177
0.39259000316469117
-1.0276788203784661
0.74148293117508091
-0.79534138777766528
-0.59634920748500853
-0.827557282908849
-0.15112019752941175
-0.26733996819357209
-0.60071686591705564
0.25189221023477548
1.7555423631558094
0.97095245842403544
-0.74196048180134389
1.1794590067690398
0.5764328741822321
-0.42856885634397912
-0.40668692326312761
0.5635468407804769
0.17290945341497443
0.899729163010629
-0.047880258389477459
-0.20107207728463156
0.52993201704985837
0.10300443517752994
-0.28682640148559285
-0.017933449459404449
-0.66460783446381
0.1305451399052443
-0.2915545787064161
1.3660428160273002
3.4329286222868407
0.37612474763068438
0.69869973110579409
-1.303955272441393
-0.79564929592604905
0.18792180486828047
-1.5690544763273679
0.43662080687576021
0.57411992914420473
-0.66852396581864915
-1.2214708763113182
-0.48149991922798324
-0.50478201489663677
0.44823310638816255
0.45957880922925282
-0.67905531459798507
-0.70112885410349524
-0.3485174108651381
-0.33960484816782777
-0.24573084385402089
0.099165795857143135
0.25407441187145918
-0.31359253182779301
0.23039904399877356
-0.11345213903207274
0.44449373637515655
0.59152733484366005
-0.4833864461654932
-0.94241750730141061
0.012525520690502834
0.051571865599552569
-0.23213412752654525
-0.22314470819333354
-0.68120995897795544
-0.66436325247585715
-0.40481828215443205
0.72293292462104075
-0.11230311266964685
0.22259553967214341
-1.532402546005728
-0.88073522961621942
0.25643600998424965
-0.45151659438531416
-0.38505718971698133
1.0635963959803518
0.70120176459862993
0.48361415143402353
0.067691402092950215
-0.038292908738333797
-0.38413089474607026
0.78013262474075185
-0.24148025085591585
-0.39670837235906098
0.37884105501994408
-0.51140264051662809
-0.63078964870947341
1.3283997240153782
-0.49093061400932769
-0.5983628598879267
0.10800655573870277
0.64869759053612319
-0.28485833937250371
-0.18129356384027198
0.04464705319290653
0.12521691877065066
-0.22697872335474645
0.26958386905546239
1.3887480632629512
0.18893406715345629
-0.37270519686830383
-0.31234211691508529
0.25007358690150899
0.45658769475563171
0.77777712899194307
0.49489758479354795
-0.34133750798961338
0.75358716508227064
0.6977636148763694
-1.3996156001721232
-1.0541118573180543
-0.19306532029621715
-0.080830778234575407
-1.1542951821725473
0.42314540896526143
0.15238316399897456
-0.1704680998055261
0.49691450610909027
-0.5116802142718927
-0.82763435417673992
-0.58638609656313234
0.11033553567843435
-0.93922163044833074
0.4238371872162825
-0.79424414717392056
-0.95906281065365306
0.077283368073198966
-0.16063138522096937
0.9443075368920516
-1.0529728210953078
-0.50582740290074524
-1.2951367368988373
1.9288387528538582
-0.4511689106102692
1.4571094972205838
1.3866870949630905
-0.075632000999161453
0.70073302837933826
1.4303718327946908
0.39874320315819667
1.1953667675434541
0.18743138256149386
0.90708033265668231
0.13513474399987968
0.7887310888462109
1.0589522670817964
-0.2700016758915163
-1.3590812650753166
1.9108921993312382
0.49960767269820361
-0.67541666488695562
1.2162712033872944
0.65429736906605085
-0.33455220267408803
0.3977462469184776
-2.0359399427684024
0.023825882504997675
0.29188521120599775
-0.34308509002738252
0.60847463249367051
1.2008083458827294
-0.41073938513151598
-1.1755973140899953
0.34592881954285182
-0.66735973938571824
-0.39626995638143914
-0.71614774591432107
1.0386386165686756
-0.3976979068843346
0.25596108257909223
0.97841805430278805
-0.1373955101165989
-0.16423320360911842
-0.57255456598087318
1.1776235149295549
0.56476660690238911
0.96422083873177333
-0.4153415548574162
-0.91849252620862853
1.2549840165848107
0.47045273352726702
-0.17501223779882114
-1.0490882700316557
-1.3674192526666002
0.39621381330041033
0.4234955829282836
0.071765176414111786
0.008951518566909511
-1.5525030515944849
0.47104558718824591
-1.1477436817750473
-0.35296077620932964
-0.36306745334993684
-0.078793907352065706
-0.11305711619970615
-0.19540980454679596
0.68315450541562883
-0.81363105029853111
1.3159048231386838
0.41374985990318258
0.51891787645101028
0.50815194226561677
-2.2183941494123856
-0.9317627742583181
1.3941550027165608
-0.56084820763054377
0.058026221814194479
-0.47630714569411725
-0.6043139062178271
1.5540325953609411
0.76545881875156829
0.58509057394289221
0.16469963458085049
-0.50625803960862503
-0.36526423782808637
1.5001468218214495
0.0078597782065030763
-1.4138220069795864
1.243836844250954
1.7757201336351642
-0.24301079314752438
-0.78824354239063443
1.0045106209197239
-0.69206286014058471
-1.0372174761052833
-0.29914821232645239
0.26938175421409061
0.71224157661238985
-0.67533541050538326
0.70485217937077482
-0.16693722106572784
0.23851799462281531
0.13082549321393383
-0.19714479171602062
0.95633574493362139
-0.26651166947902666
0.69200042296163411
0.50634873670957481
1.0870051915096599
-1.1809231586248321
0.28919707732730043
-0.13767713518613683
0.72522137819753485
-0.011571288623627995
0.842912646512331
0.47402969321837618
-0.13864355271983531
-1.290823839787435
-0.9674798623726153
-2.1045790345218465
-1.8423014129183417
-0.67066020092362288
1.6126898048670619
-0.43423091078764031
0.75429542728231924
-0.44520375752629981
0.32416938177492449
0.71133301667747628
-1.3375761492208527
1.0370489486634917
-0.49259164359463981
0.71414086930882126
-0.064052138490094335
-0.76701781496261345
-0.15903340333569432
-1.3237634294259555
-0.31733772225857854
0.30364839782988573
-1.4933669112370263
0.76662282976442864
0.32718436838627485
-0.017879973076610513
-0.54178644113512786
0.078130775981515299
0.17875046379938758
0.36932497172719581
0.14223197421324557
0.11589154125637446
0.75085113591346275
0.7999819930922758
-0.19865537927807964
-0.27875982983833436
0.021039130566979071
-1.2362448270168926
0.75817138504422221
-0.17471859607042284
-0.31661646345574068
-0.15035992448556573
0.50131019344532213
0.19848373310550493
0.34375639076840719
-0.29322671259756861
0.14321579968129106
-0.77097226271512354
0.40151180512307738
0.64040933190903582
-0.2100969892547031
-0.14747858923072155
-0.19717161051225268
-0.48895236613742321
0.37781302843547154
-0.34784602603487036
0.85533403081675075
-0.61851477445123848
0.46601496591656782
-0.11058301113517424
1.1350244173255899
0.20108476435368738
-0.052810034356923621
-0.41747942462679177
0.092330329690843094
0.2634832759883402
-0.27834811983200181
1.0142675634546758
-0.16855082159830231
-0.15509309174255231
0.13199803932871762
0.18424912015398975
0.50688956534546747
-0.38538574853596103
-0.24487768242644253
-0.89813594899395732
-0.65237839917140972
-2.0397624597818411
-1.5306618595389245
1.5815906805039952
-0.62118756472899184
0.78992545095626077
0.45677297091716518
-0.48574658204102172
-1.0658239257453013
-0.92380644404164025
0.31219061414965721
-0.24013702973051382
-0.84955889301415932
-0.86995243584633819
-1.4237456699109916
0.32637730905101109
1.2347053803385266
0.10112044588624158
0.68831680735546141
0.81102840251351616
-0.50168466968566738
-0.25654409619219654
0.13128455496914365
0.12601643990396094
-0.91409168398219387
1.3421003176833031
-0.19380529331016677
-0.31978047483063587
-0.81802904181679292
1.0053464329697031
-0.79318992918949549
0.15356152212239604
0.42230909452869325
0.59486380845354792
0.036879614024875829
0.024368640095969424
0.30972247571544642
-0.33081173447955992
-0.45538444015664387
-0.79473428039465543
-0.30433934415172614
1.6282481254010743
0.65491107946140492
-0.5709279028899934
