1.3380640576074592
0.37315044390658081
0.1003501335394425
0.14522456475507817
-0.10865005208072664
0.030341588360863647
-0.2548401971124391
0.25476587849137733
1.7103419378471452
0.33269523572757725
-0.18661944132597336
-0.92636577139049192
0.42109611771665378
-0.1377452328611182
-0.9579850347259341
-1.1555683088737299
-0.10408990398371569
-0.75947321218654507
-0.46142888041556174
-0.38516230099813464
-0.39429883688981293
-0.43203116969970312
0.82772357451199707
0.69116013919505415
0.68970467678663949
-0.067380937509241762
-0.064940871768762093
0.32509192582342245
-0.66769186158745764
-0.43546795756084133
0.30958770361253873
-0.52931561775886804
-0.060068136664804365
0.34479715700149755
-0.17481147923046561
0.13829853455663871
0.29469995126895732
0.13838085959991975
-0.55029627849590645
-0.32409482888312613
-0.24998481091409941
-0.39607039826954027
-0.091504227346538888
-0.20350407955033878
-0.26491192665602364
-0.079000452053025971
0.067864763880203072
0.24798419560284407
0.38977475660424715
-0.15415933012683741
0.19145357184820466
0.54122946683070694
1.120451451647001
0.33213677167922984
0.18728063265720965
-0.26690539819319969
-0.51214182203079428
1.190832821686564
0.83534555358186746
0.82074327138347536
0.3282054742444715
-0.73432436340277707
0.2284092346822727
0.32310130216773325
-0.35249276826792569
-0.40313062662668808
-0.69431233854918062
0.49406373485273258
0.37695520547080796
0.65812814930536279
0.46209260228907906
1.2130848569285528
-0.76112418292407968
-0.020920824176694552
0.057462950541111973
-0.32190527221857052
-0.092000913985955224
-0.54738974111348537
-0.47698269063544207
-0.33884546703590163
-0.20459486434437307
0.11720262601126002
-0.10503131321905189
-0.5515737472179576
-0.084241951894003575
-0.33604657481842021
0.32553655270458526
0.1514147778576482
0.23123371327352504
-0.46581423303776159
0.26489920281825641
0.032550947352494447
0.68912426843507446
-0.076535095868303635
0.34419355443425487
-0.28362330250733131
0.082296013972997073
-1.111059486590015
0.93632921140416214
0.41323730526966373
0.12779855004006366
-1.2501649424782721
0.28713445932868509
-0.071248363319534797
0.068296970016941114
-0.00088974640111799674
0.38580534202446382
-0.010656457008602127
0.66385884738637813
-0.30819685761489457
0.12967023148421264
-0.066840424925579053
-0.27578156695407169
-0.077775159026869087
0.38322200739546763
0.3982077487129782
0.17223989095034128
0.33604944717957758
-0.34518269745292535
0.44356391426053093
-0.025650213982624626
0.10591938822429425
0.66726877691336639
0.81994909466089971
0.22677310438762804
0.24917149494767277
0.054093148130143758
-0.079058183117389214
-0.45271214692441841
0.12563318137454349
-0.55836082867418091
0.13221763636318318
-2.0848841989920102
-0.096364840348420078
-0.27793227587177638
0.43675700813904911
-1.1462010275097003
-1.2512112467837571
1.3622394234015924
0.56236641439634383
0.14119160178440787
0.50368294644609179
-0.30335099883130212
1.1269915513803921
-1.0099476199110162
0.83975591697337748
-0.13725440126064237
0.56443729977489931
0.030026098806586604
-0.34523036959135789
-0.24081471384906206
-0.27888747966143146
-0.16477404830913678
-0.99907649597847992
-0.042569389127858237
-0.030819724073577692
0.45074058760731173
-1.2272105872401333
0.4338883367726673
-0.91852010357753922
-0.83160260258816077
-0.69722759746659446
0.37406174228113132
-0.26004944048657341
-0.62158370702443255
0.20642099733629971
2.0197749382430694
1.1435542211322711
-0.80977775212776804
1.0571346573622504
0.58303786529330515
-0.71540612844785922
-0.3930175903605263
0.57283551797478505
-0.12848286015292143
0.87908422544024745
-0.12682684157110541
-0.16574626423126426
0.61305036285204062
-0.038506433364884823
-0.21137955229951494
-0.021260728048511646
-0.55387220580811736
0.087120244394873425
-0.38392435167386268
1.2556164731407855
3.3807143886568509
0.13558003646638639
0.64997467844215762
-0.9877666234845992
-0.50969575181735483
0.18090578588676176
-1.7772760669754715
0.43626397467827061
0.5430765519077867
-0.80205954744615349
-1.2452766804782962
-0.60592975839925445
-0.50830669061856837
0.36635986783149277
0.53752159061069382
-0.6704653257592752
-0.62718550078173907
-0.63495528772419274
-0.34852717552384982
-0.29132398611989752
0.23903764897929342
0.50095901044004887
0.12077181848698448
0.32647969394984788
-0.29431179550791159
0.28690028050286465
0.39392317578835334
-0.49634151091785744
-0.90494024462160794
0.079703568413399734
0.37900091741077158
-0.0033990546194394566
-0.12311673264854395
-0.90620596521829455
-0.85261929009118265
-0.49591706768017385
0.63459274621904482
-0.0011545671878640529
0.2293303030337121
-1.478051536697188
-0.81789451506755662
0.45801461550886668
-0.44198401722985409
-0.2341085341799983
1.0733868866207334
0.6377251827517274
0.53510108292862291
0.095642563825583449
-0.14532099810795651
-0.36983860962688853
0.73286569378114863
-0.22593922001323447
-0.55635561205419148
0.55352780393839784
-0.45500359359771275
-0.57509856444198093
1.3105284167018469
-0.54999537000003496
-0.67246462875263657
0.16837442579037942
0.65300437865174699
-0.42016592504414274
-0.2070875484690044
0.08579622232894378
0.13531347409146055
-0.19230275659407936
0.24032445839936964
1.4470904442863639
-0.022377586182134923
-0.40583224891173153
-0.30274815244775261
0.2828773928132039
0.42624825972134572
0.79249785320581279
0.45549185197054126
-0.28773488891569426
0.67820357582465385
0.6488344259428005
-1.6103927567781846
-1.0933219456476584
-0.03895726239169528
-0.0055136920032765047
-1.2739518415128646
0.30201056656081737
0.011800364492688453
-0.26598800160605462
0.47194531963629355
-0.49188370052228503
-0.64166694334908425
-0.81628709075540229
0.10062937398158489
-0.80308606123267734
0.37096469496861045
-0.72453475605396422
-1.0105165669933807
0.088656054151705604
-0.22889353743771151
0.96084500597970635
-1.1588578294385923
-0.58594393382364596
-1.5208003792535139
1.9390872533999908
-0.39280553173772803
1.5055809840153884
1.7154065588024812
-0.18098064889913279
0.47539781106517309
1.4303937282163015
0.4263233351117377
1.184070393137691
0.22974251858332237
0.72381060032616507
-0.077923347341439242
0.67475752828041025
1.1511112248039217
0.0044457437990699511
-1.1836337949507998
1.8221201667608931
0.47194475373343292
-0.51710572251310238
1.26137390729263
0.50799740611676203
-0.42444828041027638
0.34636864303132642
-2.0228793675996739
0.14456359270358937
0.27439208977356278
-0.41713401063604538
0.59195149681403925
1.0483933975085893
-0.4422018436066244
-1.19899024748317
0.42086451087974991
-0.63256733861288983
-0.96255647348211326
-0.30509959584584623
1.2687350603623149
0.1043435166287402
-0.45011624267044092
1.0148404556802975
-0.031497310235626297
-0.0302725109968289
-0.63040963528874527
1.1023295847404846
0.23462901497911021
1.0998293337900105
-0.41750348545533211
-0.8530120392101036
1.1379477211787521
0.37413672300558387
-0.17666843162309032
-0.98130710289080958
-1.6005272146153007
1.4039502854137604
-0.27620747434817661
-0.10298624065031531
0.084180839505383881
-1.2775691566549983
0.58639353709048214
-0.91192697087356034
-0.34129128709911549
-0.42828211680490902
-0.044439251288564435
-0.04716157547623101
-0.44100668296391554
0.61737788627972279
-0.61969931501566933
1.2466335577996592
0.36694849189947876
0.2681051915710741
0.76621949829760927
-2.3139210985884753
-1.1230113721033004
1.411557506727267
-0.36972704259668554
0.17140605292481825
-0.33279523546713408
-0.62460867950413346
1.4476313963128948
0.49306704476124807
0.5104731534346435
-0.05678172990294246
-0.37299317524728559
-0.4977169289471185
1.6563646130397194
-0.079847028067594028
-1.3739403416278209
1.1082895189208306
1.6698512753196955
-0.20954158499009379
-0.92375979620085147
1.2433839966004281
-0.66471746956096944
-1.1097418694981847
-0.29765369503182315
0.29276894551064764
0.48515374039834358
-0.8429896219537345
0.94195013807791994
-0.29611188758956442
0.25515206690741421
0.11951789413821141
-0.31951961739537316
1.1348027166808399
-0.22010135639826356
0.69913446976133142
0.2693029696808118
1.1862058910587974
-1.1103926844812944
0.44125752198267038
-0.22725012352942425
0.60272829468188061
0.031841572303686339
0.66449119456090322
0.52105789050171869
-0.062580235987823765
-1.4948362010808163
-0.68281956890686257
-2.5412818960502692
-1.8065175887710576
-1.0672228321177339
1.6800655900419827
-0.35367452079567596
1.2940875894830739
0.4623706210419618
-0.17447671047325986
0.64278893927542202
-1.6549835380643669
1.2272359723684589
-0.42199673343146948
1.0011360833800058
-0.11811934076642239
-0.82373918829655679
-0.30719983124968325
-1.1101033977976746
-0.18315251524358372
-0.35283572241527228
-1.2286614647944865
0.6935933043983058
0.01772661935361608
0.75324559786854806
-0.68553192073326352
-0.072683106428485411
-0.16797872533549829
0.55251453908008852
-0.058397949423253021
0.41606058492552134
1.0516515879007717
0.70696826146411751
-0.30288841225215629
-0.27768351896486365
-0.0020620946255745709
-1.2639995901079086
0.01732144624531598
0.0031678061425685911
0.16548586067541399
0.3603579775139461
0.45513254343939313
0.27472330922560823
0.22242457181443939
-0.36580123269003351
0.29513586806081282
-0.985498464407215
0.65796978550463892
0.47984917414926731
-0.3623075081188305
-0.27827215322092769
-0.066856169436348978
-0.45819642144311623
0.6906157003870298
-0.35216980408123055
0.46366643800760693
0.18794253451705539
0.30448226380982435
-0.3560595648958077
1.2696587501421375
0.090249204365932811
0.096397839543537978
-0.72728986907668614
-0.033204330509523317
0.31407991370094429
-0.34477471232993506
0.94793903664232193
-0.21823549400376696
-0.060475943290017736
0.2463686275222646
0.43942877564877347
0.30812171600752536
-0.20326932312944646
0.0016597412404346645
-1.0291850154501392
-0.74587412451423485
-2.1835688862476346
-1.3649306713758842
1.498456467575997
-0.79466927991208602
0.96991058100875616
0.38343114675241596
0.10713794281223665
-1.4168906672509551
-0.96550685472287157
0.23142981634135518
-0.16097201265232158
-0.69057433680303681
-1.2144822039373513
-1.4828002144704984
0.30218734181103674
1.6674941943336274
-0.43081377465088799
0.7261261244395486
0.74183519226877248
-0.65300595820955831
0.10699423574221872
-0.26668405978811466
0.39824881673590151
-1.0054539063845205
1.7013314732758396
-0.41272088824037251
-0.4006746207797276
-0.62405832496069547
0.66410497851160954
-0.48653647417895829
-0.4210234261401794
0.83135766102999653
0.58328934173447589
0.073812373381510921
0.054064275446336879
0.16884252161773994
-0.18201659464155057
-0.27081029669006068
-0.72815559711782385
-0.31410179894561513
1.6312278052594602
0.74719741971386311
-0.72157863513945264
