1.1297082529299749
-0.16949260810548367
0.54412844442249142
0.03594108229667544
-0.18281844406907088
0.21395121784372512
-0.20458750481002755
-0.2074277946478561
1.2281818699626206
-0.48917793626907663
0.65314221145434881
-0.88929485865510849
0.5215115338675409
-0.30852288807670969
-1.1012353927705949
-1.1429094687988894
0.069996444079226186
-0.10972509205609945
-0.33382208879129888
-0.12933230735187135
-0.14040666014568975
-0.20181762047180885
0.41869604023964352
0.46729270043017174
-0.0020631954050968626
-0.36126887909608968
-0.34051858134727192
0.023096732891954769
-0.53349003621497582
-0.58164862514037396
0.47116978077610339
-0.020436163137261543
-0.48169012122141786
-0.21448599478489142
-0.0036399672991048876
-0.32197755021086505
0.50170707946683157
0.41642530591698224
-0.34087427555679761
-0.18615989343781342
0.042871955682944607
-0.28657846642264845
-0.28135044866664144
0.22496530550499871
-0.24993931706105935
0.36349013999907709
0.3586003055186423
0.2533671290023114
0.11423781063611713
0.10866742226921638
0.21513347593582133
0.61619697074430335
0.79746716952731567
0.41212049546686014
0.40590310866622392
0.05818249788077573
-0.43100629157710324
1.6290252535306053
0.63153617703787135
0.81756308036773273
0.38429226741890543
-0.46907796209223473
0.021215524164711588
-0.2222946112482429
0.010560937509001469
0.18388298343330398
-0.0031761795787923625
0.75896207198880017
0.64198854368466962
0.93481044891039466
0.24450932445587911
1.0802580954081973
-0.56058188272208032
-0.079672039512281828
0.24714976435699035
0.076004288281529053
-0.087093223852405699
-0.53037000375229049
-0.58296864555905004
-0.036569826995717397
-0.081081000670505637
0.24029191268647124
0.12665210437236257
-0.044269707856126467
0.019770903271386975
-0.56771496726818882
0.059615833476508784
0.016724092735424662
0.22967402619105431
-0.47461557779456381
0.23417889780944762
-0.014793457719030515
-0.060040820825778024
-0.25824249664057397
-0.4478464003927774
-0.61570034009989927
-0.27909346517571554
-0.94333567412915131
0.66041533027944577
-0.053286823064879113
-0.16701529613383975
-0.89208285041923652
0.0089805367575009898
-0.70502971915773982
0.1042087255038172
0.042934221858414501
0.41342688893831531
0.26203848471816199
0.37017389443552179
0.0067853984948104268
-0.18150273364373715
-0.18664715592839859
-0.2395570357857662
-0.33907177749660056
-0.069144981942806133
0.21873903392138283
0.084513573408300957
0.7939004108787836
0.6197355906964328
-0.10267916130606664
-0.14041182504341354
0.23129225277517057
-0.353730964822078
-0.0057529640020197795
-0.36740604255792847
-0.18656182116806863
0.38321914848157745
0.021943297139097637
0.1269470072702869
0.22218758797071669
-0.72186156246754285
-0.5912004705817081
-4.0048736780998215
-1.2942234388261882
-0.51998457955883837
-0.05242503198788219
-0.79695202012042188
-1.2767224011264742
1.5167669747879196
-0.11643944472277556
-0.67434262915477583
0.37724783606643608
-0.48548784876683804
1.9198404943890723
-0.21618332675917967
0.20482186952190556
0.11760450180121451
0.40281769601391271
-0.054893828272138068
-0.10676587138452459
-0.60171387484767025
-0.38784882634173234
0.68690358994887757
-0.34298184719207858
-0.25575674951493732
-1.3854493314412406
0.51686759036183239
-0.86486391482701119
0.94095547349638764
-0.35101047254323481
-0.29444817041800692
0.26935868482241487
0.25455433189864318
-0.57493293343747065
-0.65615645397692179
0.42165723517190523
1.7035297814793735
1.3740145689198133
-0.3716338050897024
0.6784631193091798
0.81300147601856132
-0.63004488028825145
-0.52042756204919971
0.40151282003000305
-0.050486021386544899
0.65656240964704771
0.15570114947810787
0.16440958514490769
1.0334676064457462
-0.093305259942885493
-0.45426315293353947
-0.43527258659979851
-1.3155772397379575
0.17791129313369503
-0.7285311020155103
1.4427581689289917
3.7426035444271237
0.31275258128996786
0.85143002473749974
-1.0437940485153454
-0.9102020323729334
-0.45593400908588788
-1.500330720050616
0.51221601906662362
0.50282909339744886
-0.26950308424533603
-1.1886029011519055
-0.3678371833467699
-0.4130614144446566
0.20219236688016665
0.65583869891510083
-0.67153374412146305
-0.94987519420438948
-0.56834257299354007
-0.2169218624648413
-0.15205357336044928
0.057529245435929188
0.85786159508444759
0.037629827908835067
-0.18941857374020563
0.048471461368598034
0.2227520438818274
-0.066734757760832278
-0.59718656847814877
-0.84578727491082872
-0.33704174287186095
-0.10601030915549714
0.26776630820591457
-0.18527729206272137
-0.57576353028892135
-0.3980716748159282
-0.58345019796704056
0.26118609022349248
-0.42609173582164311
0.2801763814680992
-1.731601898860287
-1.0590587485366609
0.65782348846611116
-0.3702028230520133
0.21918400372315811
1.3393743637446585
0.72016634401923907
0.18216711129947705
0.15173833334284942
-0.38022388619010972
-0.22367431469440779
0.41299874269410636
0.0024465343984503007
-0.23007180478698308
0.86032906246268781
0.17991692068089993
-0.18670148219054922
0.96325496105612363
-0.40468855403531623
-0.42413376492931332
-0.092816278247741746
0.44771101887777037
-0.064338130284004383
-0.31311606539978154
0.20147299069083918
0.36427370699542783
-0.16377109789652111
0.24590778494402857
1.2134810280621076
0.301389856821622
-0.44130650421266693
-0.0644383378923431
0.68684751522820642
0.36791821015926485
0.62206903102108146
0.40533093724217084
-0.61683254796853426
0.58218482636312996
0.76965768083719444
-1.2820261559163948
-0.70819975164134585
-0.51527256601571114
0.22620997589898761
-1.1599311629357183
0.13349008289461289
0.093865462587244819
-0.37360920753367532
0.18866613434649016
-0.74384373754605915
-1.3220835894415128
-0.82749810661562684
-0.5842062492634954
-1.2288619296613479
1.0676406240119147
-1.0256565011627206
-1.2062430303685814
-0.15993390743982547
-0.83660362802698973
1.5463041635442731
-1.380725172658793
-0.67946248362539552
-1.3601784854475372
1.6906060747295628
-0.68409825129768165
1.9033493590837491
1.729971105013248
-0.23403413230575143
0.42317883022616232
1.3286934023820165
0.35368096004112937
1.3482196565299549
0.22830356099549667
1.3968007104732092
0.15924261397467987
0.74847307219673775
0.56859981775321866
-0.2031835704689488
-1.2965515065327518
1.9118853560992686
0.80751734184281143
-1.1201810441490281
1.1532158052500172
0.56113695655931695
-0.82186673551750467
0.18643781002013529
-2.4965730426816632
0.38749020156730324
0.57602311473485401
-0.68893722211712716
0.048737145101855145
0.45981939770436209
-0.25002567852260371
-0.94599355665325946
0.37905748795331773
-1.069345091143584
-0.3537039777769686
-1.2081239299178446
0.47712290447036304
0.0038410706058090716
1.0183533277217134
0.38894940876693207
-0.60127453738866921
-0.13842815808952585
-0.78251870365483178
0.94017991263459566
0.66834811915397463
0.77757553486933939
-0.35886082258812962
-0.32239776526992847
1.7596659037728277
0.31890115288294707
-0.26998457996049985
-1.2333940413291533
-0.65224306434380463
0.24829207801210235
0.51412026621202411
0.48526582793452205
0.39596804714139766
-1.6529991532255717
1.1890569750680351
-0.95410923589915908
0.32440131170807274
0.25041220269894965
0.78667058976836401
0.55588550643262769
-0.1922298185991182
0.82845615976496945
-1.4461522661746065
1.5177311247461263
0.02878392506792582
0.22477471055446135
1.03067592301749
-1.7281967659394699
-0.57245670572136542
1.9121535225543758
-0.49926394582936739
1.0102479233986614
-0.76542166046585758
0.18234406346873566
1.4062460484298935
0.38231630962930346
0.47592372009979667
-0.076202720710697697
-0.70681973624503369
-0.72432812856976048
1.0058846924238487
0.37238445165441347
-1.2283152752590589
1.4097771225293725
1.1575049689030055
-0.028742719284571838
-0.15004018919979395
1.5570142228890946
-0.96110326703081561
-1.11912165642357
0.023079601519274018
-0.066559076854648361
0.17529339791789966
-0.94059988265114169
1.1725370511912179
-0.1321152810318228
0.28252149518950997
0.22119318459670495
0.3843752430447851
0.70524532431668174
-0.37515802049016611
0.68681213709914535
0.60898182871718842
1.3793516347748327
-0.57106081578396761
0.32625672181623477
0.043231290792426991
1.5695474777670155
0.46751858964462328
0.97748748601621882
0.29081261364364941
0.13515188026622454
-1.8544645949309357
-1.32091649283215
-2.9385845152783148
-2.970305691817952
-2.2419946590288427
1.5440760858055695
-0.76218775815068751
1.0504534047957965
-0.95245561898350639
1.0959512126540412
1.9169122367397904
-1.1327239994692426
0.84763544204863883
-1.0439590046579925
1.2041025825764655
0.32085852135584403
-0.015480382957183125
0.49161511695050009
-0.79752970816793645
0.060382099418124446
0.51648237951751341
-1.8858351097243999
0.83093190966317843
0.4700231574800946
-0.372894613113738
-0.42220938533195818
0.97094680535097466
0.65643717007912805
1.435907256155937
0.2410679033012878
0.39620374406847414
0.69401733795886866
1.0463048719375598
-0.40426727018834241
-0.092919381331808271
0.36968282898710447
-1.053620464568241
1.2114161609023468
-0.26113690937494388
0.097630921106270696
-0.52181896688203766
0.66606347335114724
0.17718889136395527
0.56032541193791019
-0.28212183025952398
-0.40354827707090091
-0.84814381722608645
0.25798427109603994
0.73494868109608458
0.43653920580606864
-0.2120482629598569
-0.27523282859885856
-0.42635648835245643
1.020083318182861
-0.08859463307733173
0.72353915865247309
-1.1017819411990539
0.13468963373453938
-0.31493846719075896
0.57172873586854778
-0.11030087796008264
-0.24857731749527021
-0.47565434651135458
-0.28306002662674612
0.19351866478943852
-0.56321190074872485
1.0345258569784739
-0.2256212859674982
0.15907062194209312
-0.16003330198094992
-0.27217361237602339
0.12844273776542292
-0.54337897643276922
-0.40376994341050459
-0.93683846009124516
-0.68493348519949204
-2.4198442310389066
-1.9517538021852721
1.2463545232645044
-0.71213004480180953
0.90522906478711074
0.66044270323700272
-0.85181463186912776
-1.2221558633564129
-1.4207726699360521
0.020466098287119094
-0.28786142314847635
-0.98200125155128126
-1.2147905031384674
-1.5856291901535755
0.49798217311719956
1.5139171709249288
0.64570558672700651
0.74971012937722059
0.49818481804074438
-1.064147243735905
0.033796546015230911
0.23456403886977695
0.53044825249882188
-1.1800649339797249
1.7992901743146912
0.013464283289061962
0.0068430565997543713
-1.1941405259810425
1.0089914347997704
-1.0128825977121736
-0.084484099714557837
0.26892388341994444
0.41643145396055603
0.67126634970524535
-0.17928317801740914
1.0665292854825714
-0.53379924764546249
0.059923279075942582
-0.31691081235987406
0.022118911384399587
1.3268652751991989
0.30193973190740719
0.071162627500495956
