0.94277418486288811
1.9154521027950788
0.82587973090689037
0.41412565721009303
1.7716626747438666
-0.30237186268072758
0.55124938792754896
-0.011967313592796042
1.4820885625306603
0.92150879210452752
-0.25601803145815044
-1.0708614694888328
0.24634847656629569
0.1098260654897931
0.34485056566213812
-0.9375148467503468
-0.27131867490156308
-1.0406649430337718
-0.52532938697995757
-0.42610649256269761
-0.41825367852805717
-0.11507744466634742
0.87195468308125168
0.65342254934712263
0.51459859609969039
0.066358848913179475
0.12057061154225238
0.38267975983415581
-0.74965033672050807
-0.64851370361478877
0.37266679994189589
-0.53887277940402978
-0.12509877179027815
0.58064776350126002
-0.30969226185814497
0.034743611731330837
0.28567529249748436
0.1831728331463518
-0.52592777863405749
-0.12537540555423232
-0.25689782614748602
-0.46055059689025679
-0.22823623486338349
-0.33992607880181153
-0.34195786839871356
-0.065446891893097589
-0.078131799373429969
0.16270358573435523
0.37610243742361854
0.19964688283495194
0.84959273448513895
1.2552946264961049
1.4472934809503566
0.75407065313059096
0.22259345641452855
0.44423856279948137
-0.35516891994195232
1.6773894457796577
1.3353715011062395
0.93182617582831928
0.69008247611441509
1.0254035863529398
0.80065127337756548
0.32097669963993464
-0.36787340092406129
0.17320597480576769
0.60275786141718157
0.72259824422292485
0.45376480766808014
0.82013006774868724
0.38347180872286418
1.1674578253653567
-0.63935838175725412
0.39523684414834376
0.5024666094959428
-0.24346178700308893
-0.47617270096187325
-0.51461442909304544
-0.35707094240787718
-0.28705212383080531
-0.74477477532031977
0.085371088584761723
0.13078191581866533
-0.12219933343830111
-0.0078452580589037924
-0.59256549256331981
-0.057605388312160999
-0.16032744903327859
0.029656274867596144
-0.4946179504437892
0.31265080204625229
0.2173758884844402
0.68305642059261173
0.1831921839473161
-0.19234159305299298
-0.39228140923450777
-0.081611280861247748
-1.3881575121611966
0.49472587418739883
0.048658676830652864
-0.096348349143851986
-1.3361313936813639
0.33616848657180132
-0.70045960377401506
-0.26913679685470693
-0.19666919408669861
0.05975681636615339
-0.27688261743791681
0.35266044298283755
-0.40050709762551007
-0.009598721389835238
-0.48041335345395686
-0.4691726925215563
-0.33475397485887726
0.1189634894565775
0.23744636483305587
0.059183993367968014
-0.0378606485754844
-0.30586891079051104
0.22483597297807373
-0.13484626541622216
-0.027492019103601981
0.50523967279601978
0.59186120202513459
0.017151470786944928
0.1148550113135135
-0.040543811335937048
-0.32135052244088985
-0.67243172365880466
-0.14277302430098904
-0.7478231528798237
-0.010777011556239335
-2.4175346080453566
-0.3397021715656261
-0.88942516431291629
0.013628428040210826
-2.0346760751147333
-1.9603412741657458
0.81657692670402138
0.26356781691875342
-0.27366923622821038
0.067055194599944135
-0.039138558313162486
1.0333962073695266
-1.4558810171678056
0.65836132948317838
-1.085526430937986
-0.043682575606492385
0.18496202408035478
-0.30850731610181925
-0.73935661285962384
-0.68161174184586071
-0.02669840965195848
-0.65434681802665862
-0.46881423579167086
-0.45824539101258321
0.12188815314641248
-1.0134027452987799
0.91888908795324675
-1.1935498417574206
-0.78740618470323454
-0.77565178410426661
0.071707553973323068
-0.57688995069077298
-0.84254982922329757
-0.12684375431895634
1.6011258117242051
0.63544083495959647
-0.71533345525075909
1.0280049961626487
0.69575220480250344
-0.82882835447607528
-0.70188045767955509
0.43081640189451192
0.058511459284747214
0.78828674063630322
0.060278062684017752
-0.29807434845673908
0.15601188406602251
0.048723675951149431
0.094037419379880083
0.28975093454707412
-0.48558455453415261
0.19309650482295704
-0.73892170752810549
0.95826020435190373
2.9568507413784579
0.32427458927374264
0.98836202420951835
-0.54434545413546953
0.076628345590456171
0.37691100200199057
-1.639605016902143
0.5070796772833368
0.11745486919080494
-0.89539294244779322
-1.2562183102723958
-0.33211604849720772
-0.51139173260703774
0.050958357728127152
0.5056897438702378
0.2459557531392475
-0.68918637663262661
-0.28412492501279274
-0.36912382716201175
-0.61355437096669907
-0.40015294665697443
-0.38772783645612308
0.22810405019693264
0.46137453240652682
-0.21384730441826505
0.18525383685236982
0.38077116523667631
-0.80214852257047364
-0.92036969876742303
0.073155618794312871
0.027653652218227631
-0.61980854277559894
-0.16860929858621682
-0.91936552521552395
-0.69597861494263635
-0.088108108194901336
0.58824238357494696
-0.49925928031233691
-0.084324385170310268
-1.9061112633730461
-0.77911490968620756
0.21322696407442127
-0.7673210762825714
-0.63475047360887338
0.70958558803824268
0.54254983475744822
0.76849992290069413
-0.33511393047639454
-0.22313637476455084
-0.61123469742881065
0.51937150903138951
-0.29785953087956357
-0.77496911338241292
0.035096043619943229
-0.44709577074359946
-0.59265882196382635
1.3297064080406884
-0.49179699941987154
-0.673117221812782
-0.023772311209377728
0.83376274188683619
-0.30175808516785851
-0.57233337447699872
-0.34421935271198495
0.14790945900470309
-0.18640358979258126
0.51775531544998477
1.5579432192520744
0.6212536715718604
-0.61716610225268687
0.027459608874442654
-0.12122659831089028
0.19695978321706115
0.49590693153461873
0.48923090460291985
-0.12312419830170951
0.78574966514537592
0.26352692021969293
-0.9536561060135802
-0.96946460698627812
-0.048580239416352811
0.20640796680804024
-1.4890058249933702
0.53520284439103571
-0.028438120106362041
0.015655824667391405
0.49384237519122898
-0.48991292905854211
-0.83097752246080892
-0.53874580801981331
0.29317733018459302
-0.96703172249515057
-0.58410169118377997
-1.363021706461699
-1.1154155997057502
-0.028706173141286054
-0.12524725366847
0.5099802064854263
-1.7120815255658102
-0.65256218113146669
-1.7476687577679439
1.7809479217585271
-1.1915715674995886
1.0059170747795376
0.51653899099433964
0.15029554395496847
0.27320840030866023
1.8023400412592137
0.58408459688143144
1.0248903349217364
-0.18063788086343063
1.3195337793625921
0.23914662215266314
1.0553048986162066
1.4414304623262342
-0.26659748997026028
-1.101676819067968
2.4330926175651575
1.2753187562231345
-0.047960268622456115
1.1330402015399388
0.94647292606210964
0.26112126069488001
0.82963990926748798
-1.5995555937987147
0.66595306043232938
0.55013083278438168
0.40045698711800459
1.2521545281218573
1.0732452672131014
-0.68899320026704181
-0.96462578962954915
0.56228240606585689
-0.7699845076353824
-1.2076840241775599
-1.161800931193615
0.55436749684816955
-1.0256274104174414
-0.24431932469059647
1.9652491870599547
-0.30814817268232586
-0.12463962055818184
-0.62216186417640762
1.3810602534349443
0.37923112223828154
0.38344087414697176
-0.74817961921913523
-1.0195113371019611
1.3911622580403087
0.72912984616004906
-0.018163817978211982
-1.1190566313517383
-0.85021098754344182
0.43552585889072565
0.96450289214452634
-0.059678036629402909
-0.44582357284375651
-1.8230557680224593
1.0118828067021726
-0.81835101078316308
0.35245597043390586
-0.72652048368356426
0.0091332682557576372
0.33255783028791819
0.5062310102265084
1.177147619302179
-1.0989206308207007
1.4745342684955876
0.64088275777463066
0.83108827272122077
0.88318510522318916
-2.1768233086859023
-0.82162440897347633
1.0656007941447017
0.041194717826944394
0.76727619343642584
-0.57071808153048365
-0.060410390430959859
1.7698144802862941
1.0215065016142302
1.2788721634997191
-0.25964870999443229
0.026062068897629964
0.057866257610718508
1.9666608136000323
0.59784197978539211
-1.4576678845420659
0.86899287113207957
2.2200515629881092
-0.05814207332219995
-0.41365217089880302
0.73998642238930512
-0.4244163056675212
-1.3216396900184715
0.12706075793395799
0.11278119506891572
0.92609856147578729
-1.2624323941220568
1.0269958132380497
-0.11107682978902678
1.0682140186254205
-0.014816792892499042
0.38695610310515621
0.73024083562840869
-0.31124014971352909
0.6471321566227437
0.56106797612762349
0.88341723777187586
-1.1053568401335785
0.73378332285337955
0.59917018306043246
1.06432750373944
0.005549415661458279
1.2022129953485354
0.99696488690731733
0.26361417924648817
-0.69328319947307881
-0.034990985699957955
-1.9131083197102416
-1.7510746699749968
-1.345294337559694
1.3543844739938835
-1.1813411949448109
0.45300136597611074
-0.84593912555716788
0.93844639840221777
0.06209872106923342
-1.1083931382911549
0.99833165355170728
-0.24537619963436116
0.74363973692573948
-0.89067044869346979
-1.2319204548688005
-0.74158112636542328
-1.6362244545495868
-0.15461736511584562
0.74268325639964949
-1.7160510024058273
0.62004811614361555
0.46940965416776376
0.37979688865194688
-0.96945141978413951
-0.051070418074830037
0.37591665340359998
0.20664016328433887
0.44044553589825119
0.18430121671524202
1.5925925631254907
1.2482523089151927
-0.18090899419926337
-0.090141890936738245
0.071724035128386446
-1.0076406404766705
0.82017142448894975
-0.033162934285781064
-0.042223282831640563
-0.59193821636148292
0.6756522874080555
0.44466018020019843
0.29092422752321084
-0.24511454065793514
0.2247483513805395
-0.82620991657781484
0.37810892002610241
0.099143291108718612
-0.27272262320229146
-0.49592467949087715
-0.25692162061833546
-0.45429770961591653
0.37485925784602747
-0.39113020241371033
0.6481896644417271
-0.876396471949908
0.56882552973759171
-0.07866490733912998
0.82793930918659764
0.016717727036148267
-0.37142938050263929
-0.52004197011379127
0.078736414700885993
0.17240414263039058
-0.38580883216659156
0.93714347970262724
-0.27917383345598351
-0.11104621477833503
-0.078383293780798807
0.28509774795153164
0.29188743623701896
-0.64884360816850106
-0.5847494562666864
-0.94549293780882204
-0.96812109579585504
-2.2772863916973183
-2.1182241005991824
1.0158239922053431
-1.2594151826290492
0.32276062528382699
-0.45895968567211165
-0.62233738645668724
-1.3075596739500557
-1.4922257194139998
0.18391058644921732
-1.0132984943113243
-1.6161871118567694
-1.4615218919642929
-2.0521998499338467
-0.76549389358648701
0.3112920461316353
-0.90432498207742062
0.32735516300466672
0.29496541926941311
-0.12297289818524904
-0.29648854391042512
-0.026854888432768897
-0.19935121529517552
-1.7230432189665787
1.3950315859647169
-0.2763690251514816
0.016910765663082417
-1.2019465164739498
1.3271752082168926
-0.91064646593825194
0.12151678153471157
0.37786110656842298
1.1336360908776175
-0.10224288357356559
0.034673621805353522
0.50173390965374964
0.075230028082217099
0.14451367738240067
-0.40301179282226601
0.7764847060186254
1.4514930909672594
0.91009140527496424
-0.77098413852865555
