-0.86050523851628258
0.84914384000454646
0.32480584517040184
-0.79905209451872361
-0.95511455154820968
-1.0775584492789871
-1.1403867004896175
-1.1563346255259508
-1.1216762447670756
-1.0261607003633832
-0.8842978074341088
-0.66763187912220057
-0.76593908139882261
-0.80651504608949909
-0.76489805911964137
-0.7972813016877196
-0.80161403319575819
-0.72995091830685488
-0.708763164066603
-0.80485076515284415
-0.82304280030973964
-0.89377110831506457
-0.96418846622545218
-0.9897832291617541
-0.9728837750481083
-0.9315362337753933
-0.97498810302967942
-1.09309495350761
-1.2343849096278519
-1.2991337529069769
-1.3105996523030765
-1.2920555248405272
-1.347033279475875
-1.432027437412557
-1.4929858261037305
-1.5732386196416883
-1.6145219206892014
-1.6576947169633687
-1.6804898266724839
-1.6534181566982376
-1.6494688863457461
-1.5997625908779649
-1.6624695193841297
-1.714146447755672
-1.7183529620217823
-1.7440094178410759
-1.7371460535187611
-1.7370789328102376
-1.7400029281149891
-1.704397985302754
-1.6212932477134983
-1.5226863291646289
-1.4257856491723229
-1.2925673319751543
-1.1228699208622837
-0.98342573021586355
-1.0340563518621948
-1.0458099727201937
-0.99474842386072804
-0.90016867427515923
-0.80050719616788268
-0.83210548096206771
-0.91773561366580403
-1.0474688546704758
-1.1331395860286937
-1.2294305906214937
-1.2700330423385617
-1.2662675899252041
-1.2705828876227763
-1.2165286364917314
-1.1502136352984036
-1.1233589421261001
-1.0726292087656746
-1.0591195890550769
-0.99041913439788087
-1.0549780183899764
-1.1987260330813976
-1.293483766601965
-1.3452716142014161
-1.3452401502982685
-1.3275545836008686
-1.362050755016385
-1.4636462134453165
-1.5257041075726268
-1.6117894036193063
-1.6601125068584397
-1.676266158897725
-1.6764154550099413
-1.6388197834931311
-1.6542843582516611
-1.6292011370948134
-1.5664267344683922
-1.4549186607798139
-1.4126860254373721
-1.3560964247846081
-1.2441564115130737
-1.2673733314208133
-1.2498164747086831
-1.1795717665066674
-1.0578710132625007
-0.87913831953999222
-0.8637227831522698
-0.93139103925034961
-0.96968904741707396
-0.92641410752043718
-1.1190953310719121
-1.2712717204779314
-1.4247388306649631
-1.5236123308276226
-1.565119484716343
-1.588400634707885
-1.5611240996095466
-1.6467060645155276
-1.6969840884656788
-1.7211482820431301
-1.7034455953828462
-1.703968750943416
-1.6693201827924122
-1.6331058463222985
-1.6604466016507189
-1.6515757953775037
-1.6241925373510413
-1.5706981635653485
-1.5310122657324052
-1.4446869983763204
-1.3075097850879875
-1.2493756034984151
-1.3054408564689126
-1.3035660258653279
-1.2874513443786459
-1.2174282166105823
-1.0969692143196732
-0.97012007575790815
-0.77373924348859269
-0.59385106675038402
-0.33481387902729742
-0.46739925954135692
-0.50843514133378176
-0.4769674602062719
-0.40219696935470123
-0.34238991736743152
-0.3646262302873865
-0.51463295725539493
-0.61519289758596551
-0.64008862900370567
-0.6112689068290611
-0.52077935762549099
-0.57747266618794291
-0.70223606897194724
-0.8256317824152789
-0.91535269897013627
-1.0046038313805408
-1.0565920577780195
-1.0685547474358681
-1.1031368138365367
-1.0864734442823234
-0.98971539186085111
-1.0181459945416069
-0.96970923093506478
-0.86143989302904866
-0.7256726719786214
-0.71706215243962679
-0.68324994953767948
-0.72016652762422051
-0.76730452428845441
-0.76551238035898661
-0.7077203218157071
-0.59254762836057129
-0.47315113285783417
-0.2829352007199703
-0.32890000167317357
-0.41404695545249276
-0.47316728704014155
-0.59424307534406673
-0.67369035099157804
-0.74443291673843526
-0.8013552782810115
-0.86044436144672931
-0.86540312259431718
-0.97628926663943594
-1.0160734850305988
-0.9929067560383299
-0.99316456173426493
-0.94337913613947322
-0.86251802168220848
-0.71663357136193184
-0.56402497591285017
-0.33887128668862859
-0.046403595000772097
0.2192335690245194
-0.011951617329413545
-0.14103038596845466
-0.20721564937357304
-0.29186685945543417
-0.32559961123978659
-0.2876567016351444
-0.42296110073060128
-0.48376196671257687
-0.52194595349758344
-0.54091758396116096
-0.70607474330762487
-0.82338517760893393
-0.93759926680483396
-1.0013752274028525
-1.0482128185292363
-1.1116279295986016
-1.2216071131404118
-1.3314760805224028
-1.4325354949011952
-1.492091853896989
-1.5114445643308332
-1.5323969632170735
-1.51415719069254
-1.4568447263408164
-1.3812396749356399
-1.2890349796518568
-1.2325811176975903
-1.1721024413800016
-1.2561172735548247
-1.2814393431269913
-1.2554690780827742
-1.1746648720461959
-1.0463215958329231
-0.9914269062971629
-0.97603282058761565
-0.92849034670959651
-0.90098857358755047
-0.78743397613801969
-0.61876082747676742
-0.69502882943167399
-0.79609250405359377
-0.84322293897345801
-0.84007814383053214
-0.80502409364185334
-0.89276789867108486
-1.0023232294426654
-1.1011847743678469
-1.1300696874693059
-1.1089626864306927
-1.0618955684263722
-1.0966159211583391
-1.073293107618424
-1.0332689108565452
-0.97137548504584104
-0.87800934764571903
-0.78261878685533803
-0.89796964742378715
-0.99624709215161755
-1.1117727882706863
-1.154061427602544
-1.2399501711549346
-1.3063158848161673
-1.3367175159353488
-1.3007711669574948
-1.2254592765161878
-1.0947164947977561
-0.93240763978919439
-1.0461124811748563
-1.1000294774448802
-1.1190664196543503
-1.1010577406088959
-1.0437696845074289
-0.95242948341718325
-0.90623008085491863
-0.8393797353575283
-0.7317773838043391
-0.62574874661424751
-0.51533376919569673
-0.56529972591620381
-0.68188520940895803
-0.73292109192104804
-0.70936120342244124
-0.8375793104732232
-0.92245997803858448
-0.94789087944084138
-0.91611737375280511
-0.86452657357581408
-0.80501784948457555
-0.80405033717901386
-0.79190648422209375
-0.71399427785229785
-0.70287786134543551
-0.63989385957144884
-0.60817090517926076
-0.61716648574160515
-0.55583019493270658
-0.40798976365608924
-0.2874473082604479
-0.21483336945784764
-0.072644382478706984
0.031156634943919702
-0.041145312887765566
-0.020088299281569078
-0.068305828520413461
-0.19235117989773756
-0.22982863153273572
-0.21785272669498965
-0.30593717337229676
-0.31710924069532764
-0.40241517024425771
-0.41618674577613218
-0.42823313523143203
-0.35450371081268306
-0.27658016212701597
-0.25376529435252559
-0.12805155107315921
-0.055875614692958042
-0.17224735779254213
-0.22969836351289366
-0.24827757353212357
-0.33500320619729657
-0.36495434415281952
-0.31386405798055644
-0.19663015803389508
-0.38032540961023958
-0.47204264744908503
-0.52146640835500868
-0.5122005812339967
-0.4820189763723961
-0.5327520654388781
-0.53464099381099195
-0.6415144699187515
-0.67400112041260074
-0.71955159924741907
-0.70485959103455698
-0.70691180504834705
-0.77111005673812916
-0.79207469923030982
-0.75525362270185636
-0.80052139626752972
-0.77206888163234555
-0.6829490817978503
-0.59365999855620466
-0.60762296964884221
-0.58046094445103569
-0.58595839222813129
-0.53160351415111595
-0.48341555000031278
-0.56692563817242303
-0.60114732323056363
-0.55814209651267543
-0.55257815661302601
-0.67469283877412867
-0.73140522957819076
-0.74218988738792169
-0.66710251624157857
-0.52163886748567467
-0.61138371219976262
-0.65244855709325189
-0.78546022499988644
-0.8736110383264295
-0.92103007167083528
-0.90563381091828243
-0.83847411918074599
-0.7007951471030951
-0.57481333076386876
-0.44928154754254207
-0.45755899073194117
-0.3827040362098067
-0.25408613668134011
-0.065905014210701732
-0.14328290216655401
-0.22732486112033037
-0.36566908735223569
-0.46252348541233512
-0.47182401361187765
-0.42192919049741756
-0.34523454102487661
-0.43292957652925745
-0.50136163639161391
-0.52423962996930007
-0.4767206229695401
-0.39028854698024879
-0.25127340601036369
-0.24068194389363121
-0.13794611683695227
-0.11551841408388465
-0.12459659991623424
-0.28186218494487253
-0.35138507653117795
-0.39990426748194757
-0.48492221395183288
-0.56380355015551842
-0.70762992238533229
-0.7787819160303413
-0.79975547391180235
-0.8429760501686443
-0.90585613402034659
-0.99517753373803353
-1.0294972240380966
-1.0182854266792369
-0.95070713841580001
-0.82803248945529162
-0.81950182940961924
-0.75964884142207312
-0.69209037156315623
-0.5912653033036136
-0.58293047847290358
-0.67802339180583482
-0.7035770250393788
-0.67014873793369367
-0.66006097506668826
-0.56895576221104494
-0.5005411157763604
-0.39280769087035416
-0.20046104162327708
-0.066259150652809282
0.10342276931216798
0.095527372247294393
-0.028953562276088762
-0.074884662630148882
-0.25195315914116845
-0.35706051114972315
-0.44522126817476093
-0.4754445116881203
-0.42894646475236176
-0.38265562054595914
-0.45439000732899404
-0.55540991807744378
-0.60711551137616282
-0.66247334278139514
-0.64075669458802953
-0.62868109804938421
-0.5510592210265598
-0.61382266248672523
-0.61090236204162374
-0.54321755208176614
-0.68452522411536976
-0.85461291321833677
-1.000046011687693
-1.0792173653151911
-1.1748812872676997
-1.2152898935686522
-1.2248189540311689
-1.228161630303549
-1.1782857634739574
-1.0711732607223872
-1.0393941107193503
-1.08297927690442
-1.0770378261771258
-1.0262134060027814
-0.90748790656798806
-1.0140823614327104
-1.1651169807410602
-1.264280557279206
-1.3326325942073285
-1.3519549290907953
-1.4011806592590879
-1.3966672438654064
-1.381082176709622
-1.341249528579914
-1.2669732191302459
-1.2805827857823029
-1.2810274862040401
-1.3382445366983877
-1.3535976397999225
-1.3173785167054597
-1.2546268043930333
-1.1891859384856216
-1.1292534767839939
-1.0314667890720759
-1.0302150755435333
-1.0511595863877288
-1.042401226264982
-0.98062461007506474
-1.1161459454520393
-1.2007127577964067
-1.2338233505514808
-1.2687929956528829
-1.2565458464070987
-1.2004122070131884
-1.1047997339562265
-1.182768552665981
-1.2086480849765271
-1.1868489576527992
-1.1152177124543114
-0.98572604276110487
-0.87089772799612508
-0.72201934310618476
-0.5143477386636347
-0.33086485970347901
-0.092259549278849426
-0.068935621381882181
-0.12037817754317991
-0.26141789956168909
-0.35751412557976192
-0.45932298107055164
-0.49174273506435673
-0.46753541571237367
-0.49455559266285776
-0.55787068253426353
-0.55509359378993506
-0.48392281758898448
-0.41742339479889412
-0.38165037855324696
-0.45988569783774663
-0.48042030112477124
-0.61267057767026922
-0.66812008664265521
-0.70702828339782087
-0.77346119838550298
-0.83801362933636481
-0.85993367115439123
-0.80642061598776649
-0.68604431053506942
-0.60442846154179686
-0.70514150048838753
-0.7384205370758451
-0.7149632840483493
-0.72110540787831889
-0.8084483500078411
-0.94356781889208174
-1.0076340512016466
-1.060885617712916
-1.143641699867898
-1.1755110010755898
-1.1459330976580111
-1.0788849732832919
-0.96614706452736088
-0.82891236262986079
-0.72678741842467409
-0.55996520405518624
-0.64031898711349422
-0.69230023047755795
-1.6563980547090069
0.36579209279786579
-0.62726154823229108
