1.2010569395799748
0.32508363054290978
0.15801237006904856
0.22360818853012832
0.021213484763863866
0.093055774211469433
-0.22938920623422279
0.14866193849829279
1.6154147477813112
0.22293737559541726
-0.13904700472775786
-0.95749273068539387
0.50622042836694647
-0.10188195900063027
-0.87828835921075654
-1.108948267297996
-0.16659192409875045
-0.88094124316025635
-0.55299611783331448
-0.28806516187172682
-0.35272570349132404
-0.45542191389478692
0.96216427570488894
0.78750911035404814
0.5711871617606652
-0.061145079564236544
-0.020480617232129822
0.23584457429283179
-0.68593539552657379
-0.53678392835329269
0.32432639065089108
-0.45056600571757421
-0.063493588104249127
0.36166633907787921
-0.21707633420966038
0.097489532668500689
0.38341620427075229
0.12275234214848403
-0.63811005181267966
-0.29339764284026182
-0.13684467690084529
-0.34132872216797056
-0.21307701776117666
-0.29382134938290544
-0.2842578792023423
-0.06242234985049358
0.030946938376578886
0.24009612785399148
0.39860082653289552
-0.15326038213342291
0.21418308326035884
0.67163931490112816
1.1450904107216839
0.3668034229072995
0.14171618287847065
-0.37210363296650184
-0.6042752133386704
1.1483012186895007
0.87904449178270561
0.72463095609282091
0.35895462945311551
-0.52394105045367612
0.19200140794939469
-0.025975035800599178
-0.44487250461335409
-0.18751097279402387
-0.35427477935387203
0.62693463123941751
0.43913962236155835
0.71186867771163154
0.17319544181360114
1.0238618913334621
-0.82111771705874115
-0.028716186701377044
0.2421432463503467
-0.12541020095567537
-0.33000223231054454
-0.63962823299005622
-0.62413879514576653
-0.21298754680856805
-0.42306910573399653
0.0045885579811038579
0.20449527794783523
-0.25827259279094689
0.050496988608372706
-0.46838785945993638
0.17543465185788576
0.034572597798136012
0.19572952377951661
-0.57072231982225374
0.32355008337235991
0.18875483254459599
0.84654231548576153
0.24017194401631817
0.067772480725291601
-0.26295302608729171
-0.05192221772847222
-1.1790078101509436
0.98448464089789867
0.45097748817496142
0.12429826582219838
-1.2705800979695545
0.32083030074282776
-0.42090061337006757
0.067868984623417922
0.12626064662417075
0.22937682786914976
0.017497404543562189
0.61791513991519231
-0.19237817683142067
0.21633550344982377
-0.024239485485069948
-0.31947838557643338
-0.20257017448703335
0.2962365839183938
0.52224952281142434
0.12655482840700982
0.24570017956908308
-0.12974242006554787
0.4294882332674384
0.10109682308866663
0.12704874022880719
0.63605815971171942
0.82586856187414481
0.092830874875154734
0.35067997892070224
0.14033811367282578
-0.07356705737816524
-0.45195907472425834
0.041036695588235354
-0.68781115355552602
0.15770933284901811
-2.2203095500958137
-0.13034122074388144
-0.24741904250021618
0.52182464924455763
-0.94384246436557395
-1.2844879275234768
1.400320911883151
0.48324068503057827
0.020992925692378067
0.44598209349383011
-0.2710829588184186
1.34121712961408
-1.0828563007201331
0.63658955942486717
-0.49179529882629192
0.58138053684973845
0.077078344708220087
-0.35382702258063192
-0.56448822814706767
-0.21731417874253767
0.054045492236196285
-0.84436439509652605
-0.045438026631497652
-0.17036484734914681
0.41894377579128123
-1.1392927347528325
0.60584512173223415
-0.93824508580171728
-0.71429767957425783
-0.48354294710480306
0.056466612344933109
-0.37044828476856906
-0.66556781181057645
0.32381974617416942
1.8760797259309139
1.0911735093890325
-0.75564782643580775
1.0679098950177353
0.56304984378705036
-0.64357060414245271
-0.62290128019507562
0.57958630153061796
0.19620607960836844
0.93716995833917494
-0.021719728731004417
-0.12537494938605007
0.57516037810392118
0.071553943128792902
-0.32975643806898924
-0.003425801449022714
-0.61097303122905666
0.11738324328973715
-0.41456726374882585
1.2748458557383531
3.2711551643604717
0.24969348408903747
0.65895587553152768
-1.056651331223905
-0.58614512630357041
0.18523091320511509
-1.624105850463037
0.42589636234951
0.58173281754512784
-0.71036403142412896
-1.3227212980441445
-0.53171077925509502
-0.55246973037510017
0.3581244096620676
0.45559251381853944
-0.6046128046446958
-0.68634878927090537
-0.4335824337738261
-0.35822403158242766
-0.17563428298585931
0.208379624443773
0.29670517027087862
0.0067030805113530434
0.20617868967926969
-0.28251087339262632
0.36023521045679052
0.53449500364668701
-0.46699597372167295
-0.89528008037438944
0.013754983226848899
0.167536449450576
-0.13223098963913391
-0.22394290499845892
-0.77349973539512096
-0.65159761293955687
-0.45121671632978388
0.67581175483031697
-0.12481601453180063
0.1801916767745107
-1.5580149553287488
-0.80766986853306821
0.36576857082610781
-0.44089474402106132
-0.29836650272826792
1.1113049658939533
0.65272289888374613
0.46530305275313288
0.051792022052330078
-0.11623132669791725
-0.39634373179194365
0.77448026839415851
-0.23823375669163249
-0.41212644303086909
0.42828413914994423
-0.40364938039276116
-0.60182888967153048
1.3497171781306427
-0.52225225387801411
-0.60991206978135304
0.1233315374516657
0.61376489138165147
-0.30958866282825892
-0.21213161785573198
0.0021291850308348959
0.1296682593739239
-0.20276896231549368
0.32101756464332409
1.3817417602215896
0.14433129373482456
-0.34891170948126593
-0.2752018878699507
0.20953286847907099
0.38711334328670893
0.74238599122016624
0.4645378481873213
-0.31590146563560267
0.73996845199147854
0.74036223989768046
-1.4215600288356491
-1.0912897977944969
-0.11390312636286226
-0.10951707161205959
-1.2101301096765509
0.38925448426746179
0.1685171476923627
-0.16322415610026411
0.45877428473752846
-0.52179951540601721
-0.8516492304010298
-0.58842119096447987
0.13684917972146682
-0.92499880157459757
0.40350598018760797
-0.811008646799668
-0.92740329395229515
0.062867496616779567
-0.20882547100469151
0.89517062036327921
-1.1163108718403913
-0.52368674732188047
-1.3145187322673337
1.9180973704871254
-0.48579235234558671
1.4896415781154575
1.4888484278972687
-0.065925787779685163
0.61339985697202237
1.3632688673771967
0.34615364636669943
1.1877880413095661
0.21581045222976039
0.82735874890179872
0.052504680910039681
0.78589698822347276
1.0817760590405077
-0.21496450034627063
-1.3042983164658415
1.941992120738262
0.59043227947995447
-0.62666195542295244
1.2095606100077849
0.58759803396895938
-0.35658313803892888
0.3959299410896937
-2.0657515397251989
0.039645571888223152
0.42955212706358026
-0.2485640563214857
0.70999635556103691
1.1379857355938883
-0.47225455573545416
-1.1668359802599912
0.30964934431092123
-0.68495346686123748
-0.32353827415532344
-0.75101261437428568
0.94456961546258889
-0.42448293868037779
0.20911718152591241
0.91213217708132222
-0.14057749529874086
-0.19592189806382287
-0.65982163208196931
1.1428874809913334
0.5372838379001319
0.90802154528329404
-0.34012493871190203
-0.84599699189291933
1.3021519982432297
0.44928597734989939
-0.12904831054606103
-0.94417451578890532
-1.2045756752589993
0.32709020968423602
0.3206069256109576
0.10606756870475009
0.046237075252372639
-1.5682662165839865
0.49214667228809045
-1.0635321404598008
-0.31581249492147601
-0.34403062116982241
-0.019580629773269437
-0.12516283256848282
-0.20526780965582769
0.65929311162930337
-0.8095527929456442
1.2925330121925567
0.28354771581634897
0.4466478581657416
0.63662902610533956
-2.1624397738519479
-1.0696342735862123
1.2830723138197235
-0.49708253538451974
0.11880676813430968
-0.40649055269472412
-0.60770149548157359
1.4950625070038805
0.70408474199445359
0.49015337808019099
0.1078511647030917
-0.60461269505607196
-0.40155550790409511
1.5185415866002827
0.020713981804904913
-1.4017269402920103
1.2787404135884832
1.6850453186943675
-0.3472952240651479
-0.73166606165404002
1.0122765254496247
-0.75846550728189588
-1.0364889144218528
-0.25523918499472587
0.27185217527539601
0.68468754250633657
-0.70420815384271895
0.67551926587444044
-0.18074521352417505
0.26915726267747564
0.16444349463900554
-0.18441053337405078
0.99334375252335716
-0.24529492330620306
0.65451642186504355
0.47277694024561745
1.1226191585168912
-1.1503008254331315
0.30544174547388658
-0.12956252652763794
0.76185124604110122
0.015805516805462827
0.77508063024822837
0.45384037764306273
-0.09327251861358761
-1.2918885433251741
-0.94490210241580042
-2.0728363881395846
-1.8071486654482314
-0.67100521122200973
1.6054003275725304
-0.4423872711901885
0.79057759354840118
-0.38572074620960717
0.30554465871671277
0.73584638874391572
-1.3502887889292388
0.9614865246763834
-0.49983228506415134
0.68898559333058396
-0.098361341781860956
-0.77526186169058875
-0.17252101129606862
-1.2868154482203793
-0.3080418333830604
0.29538344723841281
-1.5389960394199305
0.81794086121887211
0.4539576799315323
-0.038081742064950685
-0.56843183758060145
0.14726012464881122
0.28949546103661766
0.3837036116727075
0.13635613943494029
0.11162197545543778
0.77724141723120477
0.81417158554394808
-0.26359562986546697
-0.27473796990478516
0.017991948452063956
-1.2811185052457601
0.73899053348157206
-0.15099142219675821
-0.30820917869851394
-0.18750208884462269
0.46031777324954837
0.19366695804214029
0.34284847849672484
-0.29874323515662016
0.13254873218297702
-0.7631135812963511
0.39068105569550343
0.64316561539767947
-0.22974576355450749
-0.1576189172781475
-0.23288690322385489
-0.45131711501819116
0.49494352501135497
-0.28244569347495518
0.91564995439649155
-0.64023187304366358
0.40556953478305757
-0.1538044675122309
1.1707519514469751
0.20073173355487911
-0.13843339607229879
-0.48163828493096517
0.06866629104570432
0.2455070193889764
-0.26846825983564826
1.0075422949971691
-0.12703216823904795
-0.10649971794585787
0.13257175848319502
0.18512554106634235
0.55351660532818747
-0.39881952917519453
-0.30164023472287932
-0.91016999871916293
-0.59737537328850587
-1.9933777793454051
-1.5324693263506
1.5526154900340972
-0.62291729255253481
0.79519798799546715
0.42668245770040525
-0.48626571776747429
-1.0143650594982156
-0.91251984742189718
0.28569304862421696
-0.27463171288824711
-0.88342730551432824
-0.91061290699721531
-1.3982139141328787
0.37087513901111918
1.2400086314299275
0.077549879764949203
0.66812926721900878
0.78922784074561947
-0.55975807463105443
-0.34582066089539854
0.11032204735010864
0.085327559428559852
-0.8989402141987497
1.3819307314625073
-0.24241988836740963
-0.32793179130642514
-0.79153932965448437
0.98714101306595636
-0.84195544405924228
0.15561648100162562
0.44955805791175796
0.60730185751725696
0.0033571194060563192
-0.0087756798897425936
0.30597465177858052
-0.27162441937016218
-0.41134045008537107
-0.73331744761961204
-0.21222418129777926
1.6215721369193576
0.58501254226118204
-0.55846180808037527
