   5.4389000e+00
   5.4930000e+00
   5.4995000e+00
   5.5049000e+00
   5.6323000e+00
   5.5711000e+00
   5.7420000e+00
   5.6750000e+00
   5.7744000e+00
   5.6614000e+00
   5.3866000e+00
   5.4277000e+00
   5.5474000e+00
   5.5943000e+00
   5.6375000e+00
   5.7110000e+00
   5.7279000e+00
   5.6858000e+00
   5.5765000e+00
   5.4302000e+00
   5.4841000e+00
   5.5013000e+00
   5.5088000e+00
   5.4596000e+00
   5.2420000e+00
   5.1408000e+00
   5.1326000e+00
   5.0946000e+00
   5.1181000e+00
   5.2475000e+00
   5.3856000e+00
   5.5017000e+00
   5.6741000e+00
   5.1389000e+00
   5.3192000e+00
   5.3916000e+00
   5.3133000e+00
   5.4565000e+00
   5.5927000e+00
   5.4905000e+00
   5.5140000e+00
   5.6950000e+00
   5.7293000e+00
   5.7699000e+00
   5.8596000e+00
   6.0391000e+00
   6.0955000e+00
   6.2462000e+00
   5.6833000e+00
   6.0649000e+00
   6.1144000e+00
   6.0186000e+00
   5.8262000e+00
   5.9158000e+00
   5.8028000e+00
   5.8854000e+00
   6.0089000e+00
   5.9961000e+00
   6.1113000e+00
   6.2350000e+00
   5.6705000e+00
   5.8208000e+00
   5.8717000e+00
   5.9610000e+00
   5.8596000e+00
   5.9981000e+00
   5.9555000e+00
   6.0357000e+00
   6.2477000e+00
   6.2906000e+00
   6.3054000e+00
   6.1691000e+00
   6.0148000e+00
   6.0473000e+00
   6.1633000e+00
   6.2870000e+00
   6.2667000e+00
   6.2919000e+00
   6.3552000e+00
   6.3425000e+00
   6.3183000e+00
   6.3629000e+00
   6.3954000e+00
   6.3490000e+00
   6.2348011e+00
   6.2715757e+00
   6.1647494e+00
   6.0391360e+00
   5.9778782e+00
   6.0008624e+00
   5.9608899e+00
   5.9446012e+00
   5.8297803e+00
   5.5842496e+00
   5.6668926e+00
   5.8047975e+00
   5.7891773e+00
   5.8156649e+00
   5.8809342e+00
   5.7803815e+00
   5.6994195e+00
   5.6310517e+00
   5.5016126e+00
   5.4079566e+00
   5.4190514e+00
   5.4556342e+00
   5.3982612e+00
   5.4949157e+00
   5.4696333e+00
   5.4057656e+00
   5.2235578e+00
   5.0937234e+00
   5.1782807e+00
   5.3723825e+00
   5.3304037e+00
   5.3226077e+00
   5.3081150e+00
   5.4797282e+00
   5.5385984e+00
   5.4251558e+00
   5.2762757e+00
   4.9812050e+00
   5.0735958e+00
   5.0958936e+00
   5.2658767e+00
   5.2868746e+00
   5.4651570e+00
   5.4498585e+00
   5.5152519e+00
   5.4891545e+00
   5.5259509e+00
   5.4454589e+00
   5.4576637e+00
   5.4927706e+00
   5.4649651e+00
   5.4848690e+00
   5.4467616e+00
   5.5744865e+00
   5.5024725e+00
   5.3346397e+00
   5.3805487e+00
   5.4216567e+00
   5.4233570e+00
   5.4193563e+00
   5.2956948e+00
   5.4426531e+00
   5.4645468e+00
   5.4219590e+00
   5.2782998e+00
   5.1324413e+00
   5.2353120e+00
   5.2216159e+00
   5.4095625e+00
   5.5779147e+00
   5.6257011e+00
   5.6571921e+00
   5.5650355e+00
   5.5660371e+00
   5.5162501e+00
   5.5266682e+00
   5.6447749e+00
   5.7220100e+00
   5.8359093e+00
   5.9013237e+00
   5.4978178e+00
   5.5334802e+00
   5.6264428e+00
   5.6434726e+00
   5.5634929e+00
   5.4938329e+00
   5.4196690e+00
   5.4870270e+00
   5.5674963e+00
   5.5375706e+00
   5.7939915e+00
   5.8737602e+00
   5.8130079e+00
   5.8325247e+00
   5.7862849e+00
   5.7936912e+00
   5.7137658e+00
   5.7217705e+00
   5.7578918e+00
   5.7890101e+00
   5.7606934e+00
   5.7271737e+00
   5.7695987e+00
   5.8852668e+00
   5.9206876e+00
   6.0890869e+00
   6.1350139e+00
   6.1597285e+00
   5.8706812e+00
   5.8227577e+00
   5.8629775e+00
   5.9059986e+00
   5.8980947e+00
   5.9017965e+00
   5.9536219e+00
   6.0428657e+00
   6.0511699e+00
   6.1081978e+00
   6.1842351e+00
   6.1485176e+00
   6.0921388e+00
   6.1178881e+00
   6.2082423e+00
   6.1805933e+00
   6.1238410e+00
   6.0409370e+00
   6.0513802e+00
   5.6965632e+00
   5.9513976e+00
   5.9854228e+00
   6.0672389e+00
   6.0883958e+00
   6.0637251e+00
   6.0326570e+00
   6.0581691e+00
   5.9183328e+00
   5.9006359e+00
   5.9198905e+00
   6.0191613e+00
   5.9495341e+00
   6.0534055e+00
   6.0489449e+00
   6.0735218e+00
   6.1143298e+00
   6.1257249e+00
   6.0420137e+00
   5.9770873e+00
   6.0130829e+00
   5.9002770e+00
   5.9245266e+00
   5.9710135e+00
   5.9696891e+00
   5.9958421e+00
   6.0756138e+00
   6.0467158e+00
   6.0787848e+00
   6.0623272e+00
   6.0978598e+00
   6.0263602e+00
   5.9560255e+00
   5.9746638e+00
   5.9462447e+00
   6.0068668e+00
   5.9890975e+00
   5.9902293e+00
   6.0366064e+00
   6.0429907e+00
   6.0817457e+00
   6.1137551e+00
   6.0959676e+00
   6.0866981e+00
   6.0409537e+00
   6.0851500e+00
   6.1161430e+00
   6.0767309e+00
   6.0661912e+00
   6.1270467e+00
   6.1768268e+00
   6.1943596e+00
   6.2265653e+00
   6.1841109e+00
   6.2343973e+00
   6.1605445e+00
   6.2402877e+00
   6.2413878e+00
   6.1555179e+00
   6.2507508e+00
   6.2641348e+00
   6.3036628e+00
   6.2673537e+00
   6.2892322e+00
   6.3286528e+00
   6.3236798e+00
   6.3633928e+00
   6.3486324e+00
   6.3338643e+00
   6.3338599e+00
   6.3660572e+00
   6.3737672e+00
   6.3386739e+00
   6.3858809e+00
   6.4222396e+00
   6.4670316e+00
   6.5244273e+00
   6.5182447e+00
   6.5541029e+00
   6.5528602e+00
   6.6047777e+00
   6.5398226e+00
   6.4625686e+00
   6.5070236e+00
   6.5950211e+00
   6.6312317e+00
   6.6826896e+00
   6.6680224e+00
   6.6496428e+00
   6.7706501e+00
   6.8081353e+00
   6.7965251e+00
   6.7828247e+00
   6.7293600e+00
   6.7014117e+00
   6.6877514e+00
   6.5903825e+00
   6.5984280e+00
   6.6098408e+00
   6.6946698e+00
   6.6771571e+00
   6.6986558e+00
   6.7311781e+00
   6.6988911e+00
   6.5545340e+00
   6.5351489e+00
   6.4307099e+00
   6.5818109e+00
   6.5704186e+00
   6.5747386e+00
   6.6253791e+00
   6.6236066e+00
   6.5422498e+00
   6.6449894e+00
   6.7065693e+00
   6.7098942e+00
   6.7757841e+00
   6.8276186e+00
   6.8074385e+00
   6.8695115e+00
   6.9526134e+00
   6.9542824e+00
   6.9980335e+00
   7.0536252e+00
   6.9280212e+00
   6.9197452e+00
   6.8718723e+00
   6.9380849e+00
   6.8451226e+00
   6.7760756e+00
   6.6206984e+00
   6.8146134e+00
   6.8319830e+00
   6.7852784e+00
   6.7750039e+00
   6.8100413e+00
   6.7692718e+00
   6.6957160e+00
   6.7028493e+00
   6.6824845e+00
   6.6288446e+00
   6.6859483e+00
   6.6705972e+00
   6.7186750e+00
   6.6914732e+00
   6.7465251e+00
   6.8876210e+00
   6.9006410e+00
   6.7352852e+00
   6.7750169e+00
   6.9368132e+00
   6.9883658e+00
   6.8809986e+00
   6.8772778e+00
   6.7977175e+00
   6.8603797e+00
   6.9058904e+00
   6.9660747e+00
   7.0623515e+00
   7.0860664e+00
   7.2127320e+00
   7.1908236e+00
   7.1883681e+00
   7.1812526e+00
   7.1780991e+00
   7.1415965e+00
   7.2973422e+00
   7.3514840e+00
   7.2484391e+00
   7.3112262e+00
   7.3726301e+00
   7.3419796e+00
   7.3093078e+00
   7.3353771e+00
   7.3662451e+00
   7.3961181e+00
   7.4274680e+00
   7.4362338e+00
   7.3968610e+00
   7.3835872e+00
   7.3831892e+00
   7.3409441e+00
   7.3469556e+00
   7.4044801e+00
   7.4243081e+00
   7.3711302e+00
   7.3707698e+00
   7.3574019e+00
   7.3635232e+00
   7.3178421e+00
   7.3175371e+00
   7.4212823e+00
   7.3931310e+00
   7.3565080e+00
   7.3900311e+00
   7.3465609e+00
   7.3387017e+00
   7.3039336e+00
   7.3352184e+00
   7.3346245e+00
   7.3553285e+00
   7.3010591e+00
   7.2619598e+00
   7.3211712e+00
   7.2591265e+00
   7.3245771e+00
   7.3972654e+00
   7.3706196e+00
   7.4316723e+00
   7.4505061e+00
   7.4594112e+00
   7.4820147e+00
   7.4249109e+00
   7.4567635e+00
   7.4575040e+00
   7.5308805e+00
   7.4215153e+00
   7.3215886e+00
   7.4215554e+00
   7.4048374e+00
   7.3280125e+00
   7.2321837e+00
   7.2813551e+00
   7.2673890e+00
   7.2909667e+00
   7.2488075e+00
   7.2646678e+00
   7.3533402e+00
   7.3009066e+00
   7.3470276e+00
   7.3894302e+00
   7.3985795e+00
   7.3687630e+00
   7.3847906e+00
   7.4358022e+00
   7.4704771e+00
   7.4646065e+00
   7.4787369e+00
   7.4868238e+00
   7.5060429e+00
   7.4920133e+00
   7.5254187e+00
   7.5097049e+00
   7.5568186e+00
   7.5508834e+00
   7.6151306e+00
   7.5302182e+00
   7.4264338e+00
   7.4084651e+00
   7.3446029e+00
   7.4241371e+00
   7.4679872e+00
   7.5106676e+00
   7.4425565e+00
   7.4949514e+00
   7.5930906e+00
   7.6325638e+00
   7.6512329e+00
   7.6749124e+00
   7.6551086e+00
   7.6867156e+00
   7.6162201e+00
   7.5996733e+00
   7.6185703e+00
   7.6147608e+00
   7.5595513e+00
   7.6228390e+00
   7.6742484e+00
   7.6687154e+00
   7.6021224e+00
   7.5864310e+00
   7.6082005e+00
   7.6456064e+00
   7.6339311e+00
   7.6430111e+00
   7.6903040e+00
   7.6707088e+00
   7.6179489e+00
   7.6441021e+00
   7.6753773e+00
   7.7152638e+00
   7.7490819e+00
   7.7970145e+00
   7.7389425e+00
   7.7196808e+00
   7.7334988e+00
   7.7688373e+00
   7.7857830e+00
   7.8168254e+00
   7.8930725e+00
   7.9884311e+00
   7.9696444e+00
   8.0529493e+00
   7.9874121e+00
   7.9780529e+00
   8.0675431e+00
   8.0334069e+00
   8.0244186e+00
   8.0676365e+00
   8.1248961e+00
   8.0956527e+00
   8.0822115e+00
   8.0815459e+00
   8.1433307e+00
   8.1654165e+00
   8.1668184e+00
   8.0829448e+00
   8.0785827e+00
   7.9987639e+00
   7.9193635e+00
   7.9889409e+00
   8.0607535e+00
   8.0064008e+00
   8.0383088e+00
   8.1530609e+00
   8.2591986e+00
   8.2066560e+00
   8.1123650e+00
   8.1246017e+00
   8.0369843e+00
   7.9912320e+00
   8.0473424e+00
   8.0994353e+00
   8.1536618e+00
   8.0927134e+00
   8.1127753e+00
   8.1351650e+00
   8.2002820e+00
   8.1759972e+00
   8.2114101e+00
   8.2320803e+00
   8.1987908e+00
   8.1657553e+00
   8.1375747e+00
   8.1951886e+00
